,timestamp,client_id,op_type,count,max,min,avg,50p,90p,99p,99.9p,cache_usage,cache_capacity
0,1732414493947,0,READ,445,1345.54,20.67,375.63,467.71,614.4,856.06,1345.54,2698776,10485760
1,1732414493947,1,READ,446,1174.53,24.05,488.31,478.21,616.45,841.73,1174.53,3849168,10485760
2,1732414493947,2,READ,446,987.65,24.43,490.22,485.12,606.72,813.05,987.65,3857912,10485760
3,1732414493947,3,READ,447,1135.62,24.13,487.49,486.14,601.09,813.05,1135.62,3857688,10485760
4,1732414494448,0,READ,502,952.32,19.38,159.75,23.71,530.43,691.71,900.61,3918400,10485760
5,1732414494448,1,READ,501,1181.69,24.86,488.52,492.8,609.28,765.44,880.13,8173712,10485760
6,1732414494448,2,READ,501,1012.22,25.07,495.85,493.06,604.67,843.77,1007.1,8182728,10485760
7,1732414494448,3,READ,502,958.98,25.78,476.46,476.42,581.63,720.38,943.62,8182536,10485760
8,1732414494950,0,READ,500,809.98,19.42,99.34,25.17,466.18,638.98,809.98,4584408,10287534
9,1732414494950,1,READ,501,1593.34,26.08,474.54,479.23,596.99,819.71,973.31,10483048,10644187
10,1732414494950,2,READ,501,2203.65,25.39,483.88,478.98,604.67,837.63,1707.01,10379592,10507867
11,1732414494950,3,READ,502,1807.36,24.66,474.19,470.53,592.89,809.98,1627.13,10370752,10504911
12,1732414495455,0,READ,504,656.38,18.94,47.26,23.23,27.09,564.74,633.34,4791960,9978909
13,1732414495455,1,READ,502,2349.05,28.93,480.78,481.79,607.74,788.99,905.22,10655992,10793156
14,1732414495455,2,READ,503,1119.23,27.52,477.84,479.74,588.8,783.87,885.76,10379576,10516463
15,1732414495455,3,READ,503,898.05,28.06,471.6,470.01,589.31,730.11,806.91,10517768,10654695
16,1732414495957,0,READ,502,622.59,19.31,37.82,22.53,25.01,472.57,563.2,4938976,9584475
17,1732414495957,1,READ,496,6533.12,27.52,502.39,487.42,612.35,841.73,6533.12,10932696,11062518
18,1732414495957,2,READ,501,1010.17,24.96,479.37,477.44,605.7,845.31,982.01,10379560,10509722
19,1732414495957,3,READ,500,2197.5,26.75,488.41,481.79,601.6,861.7,2197.5,10656120,10786335
20,1732414496458,0,READ,501,481.54,19.02,25.76,22.21,23.58,29.26,448.51,4973584,9255299
21,1732414496458,1,READ,501,917.5,27.47,474.32,476.42,593.41,754.17,908.29,11071016,11192280
22,1732414496458,2,READ,502,868.35,25.02,465.89,473.09,588.29,775.68,867.33,10483336,10581920
23,1732414496458,3,READ,501,1392.64,27.01,471.68,478.72,592.38,829.95,971.77,10794472,10914345
24,1732414496960,0,READ,502,528.89,19.04,23.07,22.0,23.5,25.18,26.27,4982232,8877292
25,1732414496960,1,READ,501,958.98,25.14,480.16,481.79,599.55,785.41,887.29,11209352,11344479
26,1732414496960,2,READ,501,1149.95,24.78,472.19,466.69,592.38,788.48,1135.62,10517880,10652962
27,1732414496960,3,READ,499,2752.51,25.06,483.22,473.34,585.73,766.98,2752.51,10932840,11068166
28,1732414497462,0,READ,501,25.63,19.36,21.99,21.93,23.23,24.3,25.58,4982232,8568867
29,1732414497462,1,READ,500,2848.77,24.16,479.75,480.0,589.82,802.82,2848.77,11209352,11333599
30,1732414497462,2,READ,501,1594.37,24.86,469.22,463.36,593.92,855.55,982.01,10656184,10780034
31,1732414497462,3,READ,502,877.57,25.65,466.77,467.71,594.94,765.95,871.42,11166384,11265157
32,1732414497964,0,READ,501,63.01,19.26,22.46,22.19,23.66,27.14,57.25,4982232,8185958
33,1732414497964,1,READ,502,974.34,24.24,491.57,500.22,613.38,833.02,964.61,11486056,11621317
34,1732414497964,2,READ,502,1294.34,24.0,474.76,472.83,594.94,753.66,958.46,10656200,10791332
35,1732414497964,3,READ,497,5378.05,24.91,501.55,490.24,609.28,871.93,5378.05,11209576,11344769
36,1732414498465,0,READ,502,78.02,19.26,26.1,25.57,30.66,38.91,76.03,4982232,7811047
37,1732414498465,1,READ,502,1027.58,29.82,482.5,480.51,612.35,749.05,818.69,11901192,12020379
38,1732414498465,2,READ,502,1523.71,28.96,494.09,488.19,623.62,857.6,961.02,10656184,10779544
39,1732414498465,3,READ,503,1382.4,28.8,484.66,484.61,600.58,819.2,1175.55,11209544,11333773
40,1732414498970,0,READ,505,128.9,19.7,23.66,23.01,26.16,32.27,37.47,4982232,7488338
41,1732414498970,1,READ,504,994.3,30.35,503.29,500.48,633.86,908.29,960.0,12039560,12176545
42,1732414498970,2,READ,503,1423.36,25.44,475.11,480.0,596.99,870.4,1144.83,10794520,10931476
43,1732414498970,3,READ,501,1794.05,28.93,491.28,487.68,627.71,850.94,1396.73,11209544,11346776
44,1732414499472,0,READ,502,54.94,19.38,23.64,23.28,26.19,29.44,44.26,4982232,7103822
45,1732414499472,1,READ,502,1056.77,28.5,490.18,491.26,605.18,762.88,1020.93,12039560,12166719
46,1732414499472,2,READ,501,1046.53,28.02,488.6,481.79,607.74,886.78,925.18,11209656,11335387
47,1732414499472,3,READ,501,940.54,26.66,483.1,478.98,606.72,818.69,931.84,11209544,11337599
48,1732414499974,0,READ,501,29.47,19.66,22.46,22.34,23.93,25.79,26.7,4982232,6792000
49,1732414499974,1,READ,502,976.89,27.09,479.23,481.54,594.43,749.05,947.71,12333624,12462496
50,1732414499974,2,READ,499,4464.64,28.16,491.19,480.0,594.43,862.21,4464.64,11209624,11344519
51,1732414499974,3,READ,501,886.27,26.18,480.56,482.3,607.23,760.83,845.31,11209512,11344562
52,1732414500476,0,READ,502,519.93,19.52,25.28,22.18,23.49,27.31,434.18,4956288,6456507
53,1732414500476,1,READ,500,2055.17,25.33,482.08,478.21,605.18,854.01,2055.17,12454696,12573224
54,1732414500476,2,READ,502,1081.34,27.82,493.01,481.28,632.83,867.33,995.33,11339344,11448819
55,1732414500476,3,READ,494,6504.45,26.85,492.3,473.34,611.33,911.36,6504.45,11347864,11467326
56,1732414500978,0,READ,502,636.41,19.39,25.98,22.29,23.82,53.5,482.05,4930328,6118982
57,1732414500978,1,READ,502,981.5,24.9,481.18,480.77,612.86,748.54,900.1,12454680,12587456
58,1732414500978,2,READ,501,917.5,24.0,480.94,481.79,611.33,757.76,847.87,11486312,11618944
59,1732414500978,3,READ,501,845.31,23.23,467.04,468.99,583.17,732.16,837.63,11486264,11618323
60,1732414501479,0,READ,502,531.46,19.07,32.92,24.21,29.04,391.42,526.34,4878424,5861586
61,1732414501479,1,READ,502,945.15,29.14,475.94,477.18,608.77,864.25,932.35,12454616,12580712
62,1732414501479,2,READ,502,2703.36,29.04,490.62,480.25,619.52,838.14,1036.29,11486344,11613321
63,1732414501479,3,READ,503,1472.51,29.42,489.54,485.89,609.28,856.06,1010.17,11763048,11889077
64,1732414501984,0,READ,504,1281.02,19.5,34.59,22.91,25.81,487.42,587.26,4817872,5573770
65,1732414501984,1,READ,504,940.03,27.31,478.86,473.34,596.99,770.05,832.0,12454536,12584074
66,1732414501984,2,READ,502,1220.61,29.74,502.79,491.77,618.5,850.94,966.65,11763096,11893262
67,1732414501984,3,READ,502,952.83,28.94,476.35,476.67,600.06,859.65,904.7,11763032,11892762
68,1732414502486,0,READ,502,629.25,19.2,34.38,22.7,24.83,435.71,523.26,4817872,5554340
69,1732414502486,1,READ,502,898.56,26.9,471.13,475.13,594.43,736.25,803.33,12454408,12590715
70,1732414502486,2,READ,500,1808.38,24.83,497.75,492.54,624.64,836.1,1808.38,11771696,11899164
71,1732414502486,3,READ,502,974.85,26.86,482.14,476.42,598.53,838.14,936.96,11762920,11899013
72,1732414502988,0,READ,501,994.3,19.25,35.71,22.43,24.66,495.62,596.48,4817872,5554072
73,1732414502988,1,READ,502,987.13,24.45,486.46,487.42,599.55,769.53,862.21,12454392,12590819
74,1732414502988,2,READ,495,6393.85,25.81,498.22,480.77,603.65,806.91,6393.85,11763032,11899299
75,1732414502988,3,READ,501,952.32,23.55,483.31,487.42,606.72,791.04,930.82,11762872,11898903
76,1732414503489,0,READ,501,760.32,19.38,35.45,22.38,24.38,335.1,552.45,4774600,5420457
77,1732414503489,1,READ,501,1177.6,24.85,481.64,481.54,596.48,848.89,998.91,12592776,12727457
78,1732414503489,2,READ,502,917.5,27.49,482.71,486.91,603.13,769.53,902.14,11763032,11897727
79,1732414503489,3,READ,502,908.29,24.4,484.42,486.91,609.79,787.46,838.14,11762856,11897570
80,1732414503991,0,READ,502,620.03,19.63,39.34,22.56,24.88,505.34,604.16,4714048,5289938
81,1732414503991,1,READ,500,2447.36,25.01,488.61,489.21,598.01,804.35,2447.36,12592744,12724994
82,1732414503991,2,READ,501,1200.13,24.9,484.25,481.02,609.28,905.73,1124.35,11762984,11894862
83,1732414503991,3,READ,502,1006.08,24.77,471.15,470.78,601.6,794.11,965.63,11901160,12033444
84,1732414504493,0,READ,501,540.16,20.03,45.04,22.88,26.64,460.03,514.3,4714048,5286426
85,1732414504493,1,READ,496,6443.01,27.84,504.49,493.82,614.91,812.03,6443.01,12592728,12726030
86,1732414504493,2,READ,502,883.2,28.38,493.13,494.59,604.16,759.29,861.7,11762888,11896342
87,1732414504493,3,READ,501,933.38,26.8,480.94,481.54,602.62,797.7,834.56,11901112,12034371
88,1732414504994,0,READ,501,565.25,19.26,34.12,22.5,24.14,350.21,560.13,4714048,5286765
89,1732414504994,1,READ,496,6467.58,25.26,504.24,491.52,608.77,838.14,6467.58,12592696,12725825
90,1732414504994,2,READ,502,885.25,26.88,479.58,478.46,608.77,747.01,837.63,11762824,11896260
91,1732414504994,3,READ,502,943.1,24.72,466.88,474.37,588.8,783.87,894.98,11901112,12034588
92,1732414505496,0,READ,502,638.46,19.42,35.8,22.29,24.03,376.06,589.31,4714048,5289415
93,1732414505496,1,READ,501,972.8,28.59,482.4,477.18,601.6,800.77,906.24,12592696,12725254
94,1732414505496,2,READ,501,1013.25,25.63,486.36,490.5,601.6,807.93,995.84,11762792,11894962
95,1732414505496,3,READ,501,1018.37,25.33,471.23,469.5,589.82,840.19,996.86,11901096,12033844
96,1732414505998,0,READ,501,624.13,19.17,37.63,22.37,24.43,324.35,549.38,4714048,5293685
97,1732414505998,1,READ,501,1027.07,24.7,481.7,481.79,591.87,801.79,1016.32,12592696,12723670
98,1732414505998,2,READ,502,986.11,26.85,478.82,474.62,590.85,821.25,887.81,11762776,11893761
99,1732414505998,3,READ,501,1132.54,24.26,476.06,476.16,592.89,813.05,980.48,11901064,12032165
100,1732414506499,0,READ,501,677.38,19.62,41.37,22.54,25.33,370.18,526.85,4714048,5298863
101,1732414506499,1,READ,502,1038.85,24.43,477.18,473.6,609.79,819.2,907.26,12592680,12721957
102,1732414506499,2,READ,502,904.19,25.28,479.72,483.84,598.01,828.93,896.51,11762776,11892709
103,1732414506499,3,READ,501,1290.24,24.99,474.27,476.16,592.38,789.5,889.86,11901064,12030151
104,1732414507001,0,READ,502,529.41,19.28,50.03,22.8,29.73,423.17,496.13,4714048,5283797
105,1732414507001,1,READ,501,1190.91,24.46,470.99,476.93,579.58,767.49,909.82,12592664,12727005
106,1732414507001,2,READ,501,1082.37,25.06,487.19,485.38,606.72,808.45,868.86,11762760,11897012
107,1732414507001,3,READ,502,994.3,24.74,487.06,493.31,603.13,827.9,913.41,11901064,12035264
108,1732414507503,0,READ,502,551.93,19.25,42.59,24.73,30.83,378.88,542.72,4714048,5280884
109,1732414507503,1,READ,502,1223.68,24.74,487.61,482.81,611.33,818.17,1068.03,12592648,12727954
110,1732414507503,2,READ,504,883.2,29.9,490.67,494.08,601.09,811.01,872.45,11762728,11898362
111,1732414507503,3,READ,500,4775.94,23.9,492.35,483.84,617.98,833.53,4775.94,11901080,12036352
112,1732414508008,0,READ,504,509.95,19.84,39.82,23.18,27.73,338.69,491.77,4714048,5285176
113,1732414508008,1,READ,503,1085.44,27.92,479.49,482.81,606.21,752.13,909.31,12592696,12726717
114,1732414508008,2,READ,503,994.82,27.31,474.47,473.86,588.8,840.7,915.97,11762728,11896439
115,1732414508008,3,READ,503,1007.62,25.2,481.13,478.72,616.96,910.85,1004.54,11901080,12035131
116,1732414508510,0,READ,501,604.16,19.15,47.22,22.85,27.49,527.87,597.5,4644848,5145880
117,1732414508510,1,READ,501,930.3,27.95,493.32,491.52,615.93,819.2,919.04,12592648,12726724
118,1732414508510,2,READ,501,1089.54,24.7,486.55,483.84,605.7,919.04,1072.13,11762648,11896611
119,1732414508510,3,READ,500,1886.21,27.71,489.95,482.05,603.13,800.77,1042.43,12039496,12173883
120,1732414509011,0,READ,502,791.04,19.79,40.94,23.57,27.28,370.94,582.14,4644848,5142982
121,1732414509011,1,READ,501,1483.78,28.0,482.43,485.38,600.58,822.27,937.98,12592648,12727797
122,1732414509011,2,READ,502,967.68,27.01,475.58,475.13,601.6,769.02,887.29,11762600,11897929
123,1732414509011,3,READ,500,1760.26,27.49,476.42,476.16,598.01,774.65,1760.26,12039448,12174561
124,1732414509513,0,READ,501,602.62,19.41,43.65,22.51,25.39,363.52,429.31,4644848,5155332
125,1732414509513,1,READ,501,1038.34,25.68,481.57,480.0,596.99,759.29,1021.95,12592648,12723768
126,1732414509513,2,READ,496,6516.73,232.96,492.43,476.67,593.41,771.58,6516.73,11762600,11893928
127,1732414509513,3,READ,502,1271.81,25.1,479.09,479.74,600.06,817.66,1035.26,12039336,12170380
128,1732414510015,0,READ,501,603.65,19.42,42.14,22.38,25.02,462.33,565.76,4644848,5160063
129,1732414510015,1,READ,501,1073.15,24.72,476.57,479.23,594.43,817.15,968.19,12592616,12722449
130,1732414510015,2,READ,502,1063.93,25.68,480.1,485.38,593.92,819.2,944.13,11762600,11892269
131,1732414510015,3,READ,501,1083.39,26.88,484.02,483.58,596.48,821.25,997.38,12039320,12169065
132,1732414510516,0,READ,502,665.09,19.38,43.35,22.54,25.31,336.13,590.85,4644848,5151991
133,1732414510516,1,READ,501,1006.59,27.34,473.86,476.93,599.55,782.34,847.87,12592568,12724595
134,1732414510516,2,READ,495,6877.18,24.75,487.72,476.42,597.5,798.72,6877.18,11771248,11894984
135,1732414510516,3,READ,502,1330.17,24.69,475.94,472.32,594.43,767.49,1053.69,12039352,12171904
136,1732414511018,0,READ,501,667.65,19.44,43.04,22.41,25.12,377.09,591.36,4644848,5160970
137,1732414511018,1,READ,502,978.94,26.18,483.79,479.49,601.6,840.19,933.89,12592568,12721552
138,1732414511018,2,READ,500,1651.71,24.42,488.52,478.72,603.13,858.62,1651.71,11762600,11892028
139,1732414511018,3,READ,501,982.01,25.28,477.72,477.18,610.82,846.34,955.9,12039336,12169146
140,1732414511520,0,READ,501,591.36,19.44,49.06,22.66,26.08,516.86,559.62,4644848,5159664
141,1732414511520,1,READ,501,965.63,24.43,483.67,495.87,593.92,851.97,926.72,12592568,12722679
142,1732414511520,2,READ,501,1219.58,27.31,477.72,477.44,597.5,756.22,922.62,11762552,11892231
143,1732414511520,3,READ,501,1062.91,26.1,473.93,478.98,595.97,763.39,1001.47,12039304,12169287
144,1732414512022,0,READ,502,493.31,19.44,38.62,22.46,24.94,304.13,441.34,4644848,5155763
145,1732414512022,1,READ,501,1050.62,24.08,477.91,483.07,601.09,862.21,927.74,12592568,12723581
146,1732414512022,2,READ,502,1083.39,25.3,480.22,477.95,604.67,815.1,973.31,11762536,11893555
147,1732414512022,3,READ,501,1208.32,24.45,469.34,468.48,598.53,820.22,1107.97,12039320,12170271
148,1732414512523,0,READ,501,767.49,19.14,40.4,22.7,25.68,314.37,470.01,4644848,5149831
149,1732414512523,1,READ,502,881.66,25.22,472.42,473.86,587.77,750.08,872.45,12592568,12725817
150,1732414512523,2,READ,502,887.29,24.82,487.21,489.47,615.93,740.86,812.54,11762536,11895428
151,1732414512523,3,READ,502,1022.98,24.42,480.15,474.37,601.6,833.02,951.29,12039320,12172558
152,1732414513025,0,READ,501,684.03,19.25,42.94,22.67,26.22,347.39,474.11,4644848,5159868
153,1732414513025,1,READ,501,1331.2,24.59,478.64,481.54,599.04,794.11,1013.76,12592552,12722098
154,1732414513025,2,READ,501,1025.02,24.99,469.24,461.82,592.38,807.93,845.82,11762520,11889840
155,1732414513025,3,READ,501,1448.96,27.81,476.28,476.42,598.01,816.64,983.04,12039320,12167424
156,1732414513527,0,READ,502,539.65,20.03,45.43,23.01,31.33,364.29,436.48,4644848,5158565
157,1732414513527,1,READ,502,936.96,27.01,479.16,475.39,588.29,759.81,924.16,12592520,12722482
158,1732414513527,2,READ,500,3043.33,25.97,485.96,481.54,600.06,832.0,3043.33,11762488,11892854
159,1732414513527,3,READ,502,1043.97,24.69,479.04,477.95,607.23,808.45,986.62,12039304,12169843
160,1732414514029,0,READ,502,716.8,19.38,37.08,22.41,24.41,330.24,571.39,4644848,5148707
161,1732414514029,1,READ,502,889.34,25.25,477.55,482.56,599.04,712.19,811.52,12592520,12725915
162,1732414514029,2,READ,501,988.67,27.28,467.96,471.81,596.48,758.27,974.34,11762472,11895956
163,1732414514029,3,READ,501,1106.94,26.61,465.87,456.45,589.31,829.44,958.98,12039256,12172896
164,1732414514530,0,READ,501,1239.04,19.17,41.04,22.62,25.15,348.42,616.96,4644848,5151993
165,1732414514530,1,READ,496,6422.53,24.21,486.3,480.0,598.53,818.17,6422.53,12592504,12724830
166,1732414514530,2,READ,501,1288.19,25.23,487.09,485.12,607.74,839.17,1031.17,11762488,11894863
167,1732414514530,3,READ,502,963.58,25.25,478.61,483.58,610.3,768.51,865.28,12039192,12171647
168,1732414515032,0,READ,501,858.11,19.5,39.05,22.69,25.21,315.65,513.79,4644832,5152335
169,1732414515032,1,READ,501,1003.01,23.66,477.51,481.28,593.41,767.49,903.17,12592488,12722234
170,1732414515032,2,READ,501,1483.78,24.58,485.59,481.02,605.18,803.84,1143.81,11762440,11892731
171,1732414515032,3,READ,501,1001.47,24.98,476.64,482.05,592.38,788.99,913.41,12039176,12169650
172,1732414515534,0,READ,501,460.54,19.71,37.07,22.89,25.41,308.48,349.44,4644832,5150271
173,1732414515534,1,READ,502,1152.0,24.74,482.27,484.1,598.53,833.02,952.83,12592456,12725375
174,1732414515534,2,READ,500,2504.7,24.46,473.7,471.81,582.14,742.91,2504.7,11762424,11895575
175,1732414515534,3,READ,500,1346.56,24.86,479.19,481.02,603.13,911.87,1346.56,12039064,12172060
176,1732414516035,0,READ,502,587.26,19.23,39.27,22.51,24.78,323.07,566.78,4644832,5145240
177,1732414516035,1,READ,501,1114.11,24.19,477.92,489.47,598.01,836.1,990.21,12592456,12727195
178,1732414516035,2,READ,502,997.89,25.94,471.51,472.57,597.5,783.87,951.81,11762424,11897319
179,1732414516035,3,READ,502,953.34,24.56,477.48,472.32,604.67,790.01,841.73,12039064,12173639
180,1732414516537,0,READ,502,585.73,19.33,43.67,22.72,25.41,347.9,572.93,4644832,5149203
181,1732414516537,1,READ,501,1015.81,25.78,485.05,485.63,599.04,827.39,895.49,12592456,12725699
182,1732414516537,2,READ,501,1068.03,25.81,479.45,471.55,587.26,842.75,971.26,11762408,11895640
183,1732414516537,3,READ,496,6590.46,25.55,494.09,490.24,601.09,796.67,6590.46,12039064,12172431
184,1732414517039,0,READ,501,513.79,19.87,37.15,22.46,25.04,304.89,327.42,4644832,5160746
185,1732414517039,1,READ,501,1633.28,26.91,483.07,482.56,599.55,830.46,975.87,12592440,12721690
186,1732414517039,2,READ,502,1073.15,25.71,480.2,476.16,593.92,807.93,1012.74,11762392,11892307
187,1732414517039,3,READ,501,1734.65,24.74,480.1,486.4,591.87,745.47,806.4,12039064,12168719
188,1732414517540,0,READ,502,493.06,19.65,41.8,22.66,25.9,312.57,491.77,4644832,5146156
189,1732414517540,1,READ,502,993.79,23.92,488.5,485.38,604.67,828.41,921.09,12592424,12726864
190,1732414517540,2,READ,501,1641.47,26.05,479.93,481.54,596.99,797.7,1015.29,11762392,11896740
191,1732414517540,3,READ,499,3221.5,24.8,488.35,483.33,601.09,866.82,3221.5,12039032,12173452
192,1732414518042,0,READ,502,657.92,19.07,41.67,22.67,31.52,353.79,619.52,4644832,5157492
193,1732414518042,1,READ,502,1132.54,25.46,476.67,479.23,605.7,841.22,907.77,12592424,12722760
194,1732414518042,2,READ,502,2046.97,24.05,487.76,475.9,619.52,843.77,1505.28,11762360,11893626
195,1732414518042,3,READ,503,995.84,24.35,477.53,477.69,603.65,827.39,903.68,12039032,12170098
196,1732414518547,0,READ,504,590.34,19.44,52.4,25.65,33.98,377.34,494.85,4644832,5159780
197,1732414518547,1,READ,504,1009.15,28.78,484.47,486.91,605.18,758.27,850.94,12592408,12722160
198,1732414518547,2,READ,500,3969.02,28.77,493.05,490.24,594.94,779.77,3969.02,11762344,11892193
199,1732414518547,3,READ,502,975.87,29.14,484.25,483.84,615.42,850.43,923.13,12039000,12169221
200,1732414519049,0,READ,501,636.93,19.22,42.94,25.25,30.21,313.09,539.65,4644832,5149446
201,1732414519049,1,READ,502,1034.24,27.54,473.57,471.55,596.99,794.11,941.05,12592376,12725786
202,1732414519049,2,READ,501,1837.06,27.79,481.6,484.35,598.01,833.02,990.72,11762344,11895570
203,1732414519049,3,READ,501,796.16,27.63,463.06,463.62,587.26,757.25,795.13,12038984,12172658
204,1732414519551,0,READ,502,603.65,19.18,47.08,23.1,28.53,326.14,591.87,4644832,5164503
205,1732414519551,1,READ,502,1050.62,24.3,472.41,473.6,598.53,820.74,937.98,12592376,12720311
206,1732414519551,2,READ,502,958.98,27.04,478.87,481.02,594.94,892.93,954.37,11762328,11891089
207,1732414519551,3,READ,499,3063.81,27.66,480.31,467.97,590.34,855.55,3063.81,12038952,12167949
208,1732414520052,0,READ,502,491.01,19.49,42.64,22.72,25.89,343.55,483.84,4644832,5161728
209,1732414520052,1,READ,497,4964.35,27.25,482.93,479.49,589.82,710.65,4964.35,12592392,12721800
210,1732414520052,2,READ,501,1655.81,26.85,480.84,477.44,607.74,809.47,926.21,11762312,11891950
211,1732414520052,3,READ,501,1610.75,26.64,481.02,481.28,594.94,762.88,892.41,12038952,12168105
212,1732414520554,0,READ,501,480.0,19.58,37.81,22.83,25.65,297.21,366.59,4644832,5147694
213,1732414520554,1,READ,502,966.14,26.66,464.64,464.13,580.1,758.78,843.26,12592376,12726414
214,1732414520554,2,READ,501,990.21,25.2,468.78,471.04,586.24,772.61,868.86,11762248,11896306
215,1732414520554,3,READ,502,1038.85,27.26,467.51,468.74,584.19,747.01,908.29,12038952,12172822
216,1732414521056,0,READ,501,633.86,19.41,43.74,22.64,25.97,361.73,625.15,4644832,5158839
217,1732414521056,1,READ,501,1478.65,28.42,474.16,475.65,583.17,815.1,1027.07,12592376,12722837
218,1732414521056,2,READ,502,1019.9,27.44,467.56,468.99,591.87,800.77,977.92,11762232,11892337
219,1732414521056,3,READ,501,1041.92,24.9,465.54,473.86,590.34,774.65,926.21,12038952,12169232
220,1732414521558,0,READ,502,543.74,19.06,37.71,22.73,25.52,298.75,532.48,4644832,5147820
221,1732414521558,1,READ,502,907.26,24.85,477.47,476.67,600.06,832.51,886.78,12592376,12726333
222,1732414521558,2,READ,502,1013.25,27.09,473.87,476.93,589.82,820.22,940.54,11762232,11896357
223,1732414521558,3,READ,501,1864.7,24.7,474.58,467.71,592.38,759.29,967.17,12038888,12172912
224,1732414522059,0,READ,501,442.88,19.6,40.36,22.75,25.89,323.58,424.7,4644832,5152079
225,1732414522059,1,READ,500,1930.24,27.71,472.41,472.57,595.97,772.1,1930.24,12592376,12724751
226,1732414522059,2,READ,501,1025.02,25.71,469.41,465.15,591.36,818.69,940.03,11762232,11894603
227,1732414522059,3,READ,502,1033.21,26.54,463.75,462.33,586.75,777.73,885.25,12038872,12171483
228,1732414522561,0,READ,501,538.62,19.39,41.57,22.83,26.16,317.95,467.71,4644832,5167495
229,1732414522561,1,READ,498,4044.8,26.66,481.89,474.88,596.99,866.82,4044.8,12592376,12719782
230,1732414522561,2,READ,501,928.77,25.01,464.61,466.69,576.51,781.31,910.34,11762200,11890062
231,1732414522561,3,READ,501,1197.06,25.81,470.11,469.76,593.41,768.0,808.96,12038872,12165942
232,1732414523063,0,READ,501,461.57,19.41,44.27,22.93,26.77,320.77,370.94,4644832,5157702
233,1732414523063,1,READ,502,1022.98,28.08,478.6,480.25,606.21,737.28,927.74,12592376,12723418
234,1732414523063,2,READ,501,1036.8,26.66,470.94,472.06,598.01,904.19,983.55,11762200,11893123
235,1732414523063,3,READ,501,1519.62,25.04,475.19,470.27,590.34,847.36,1236.99,12038856,12169627
236,1732414523564,0,READ,489,13230.08,20.3,74.47,23.28,33.73,382.98,13230.08,4644832,5152984
237,1732414523564,1,READ,499,3121.15,25.17,476.58,467.71,601.6,814.59,3121.15,12592328,12724472
238,1732414523564,2,READ,499,3401.73,26.4,492.07,485.89,599.55,792.58,3401.73,11762184,11894423
239,1732414523564,3,READ,502,1122.3,25.47,471.71,471.81,594.43,755.2,1008.64,12038840,12171403
240,1732414524066,0,READ,502,363.77,20.24,39.11,23.07,25.66,312.83,356.35,4644832,5150774
241,1732414524066,1,READ,501,1746.94,25.02,481.13,477.18,610.3,823.81,1025.02,12592328,12725190
242,1732414524066,2,READ,501,1051.65,24.67,470.96,476.16,584.7,781.82,887.81,11762168,11895253
243,1732414524066,3,READ,497,5275.65,25.68,482.84,478.72,585.73,809.98,5275.65,12038824,12171535
244,1732414524568,0,READ,502,751.1,20.11,38.73,22.96,25.74,319.49,606.72,4644832,5147677
245,1732414524568,1,READ,502,945.15,25.1,475.6,478.21,589.31,837.63,932.86,12592312,12726557
246,1732414524568,2,READ,502,952.83,25.02,483.85,479.23,605.7,846.85,947.2,11762152,11896106
247,1732414524568,3,READ,502,858.62,25.63,464.47,475.13,579.58,721.41,759.29,12038824,12172950
248,1732414525070,0,READ,501,516.61,19.82,42.79,22.72,25.71,299.77,475.9,4644832,5168100
249,1732414525070,1,READ,502,927.74,25.15,474.66,473.09,589.82,748.03,880.64,12592296,12719901
250,1732414525070,2,READ,502,879.1,24.75,465.98,464.38,582.14,746.5,786.43,11762136,11890220
251,1732414525070,3,READ,502,893.95,25.94,474.95,475.13,592.89,804.35,889.86,12038840,12166295
252,1732414525571,0,READ,501,402.18,19.33,39.83,22.91,25.76,304.38,376.83,4644832,5149349
253,1732414525571,1,READ,501,919.55,24.64,476.33,479.74,591.87,738.3,834.56,12592296,12725690
254,1732414525571,2,READ,501,868.86,26.48,474.15,479.49,589.82,745.47,836.61,11762088,11895374
255,1732414525571,3,READ,501,989.18,25.31,483.63,487.68,603.65,749.57,967.17,12038856,12172428
256,1732414526073,0,READ,502,550.4,19.41,37.94,22.59,24.89,331.52,544.25,4644832,5142556
257,1732414526073,1,READ,502,963.58,24.38,487.72,484.1,622.59,880.64,959.49,12592280,12728031
258,1732414526073,2,READ,501,1912.83,23.94,480.13,478.46,577.02,888.83,1006.08,11762088,11897837
259,1732414526073,3,READ,502,934.91,24.08,476.31,475.39,587.26,791.04,892.93,12038856,12174631
260,1732414526575,0,READ,501,554.5,19.68,36.12,22.96,25.18,336.64,419.84,4644832,5148205
261,1732414526575,1,READ,501,1539.07,25.63,489.37,487.94,609.79,773.12,962.05,12592232,12726253
262,1732414526575,2,READ,502,1175.55,26.46,485.17,486.91,601.09,827.39,997.38,11762040,11896076
263,1732414526575,3,READ,502,908.8,24.83,469.41,475.9,593.41,803.84,853.5,12038856,12172805
264,1732414527077,0,READ,501,499.45,19.38,34.55,22.73,24.88,299.52,389.89,4644832,5156405
265,1732414527077,1,READ,501,1520.64,24.82,481.0,481.54,595.46,902.65,1097.73,12592232,12723233
266,1732414527077,2,READ,500,2166.78,23.82,479.42,477.44,601.09,811.01,918.01,11762040,11893632
267,1732414527077,3,READ,502,1042.43,24.21,465.99,465.15,589.31,797.18,930.82,12038840,12170427
268,1732414527578,0,READ,502,641.53,19.42,39.28,22.91,25.18,329.21,601.6,4644832,5154004
269,1732414527578,1,READ,496,6537.22,25.39,500.07,491.77,606.72,794.62,6537.22,12592232,12723959
270,1732414527578,2,READ,493,6529.02,28.08,503.98,480.51,606.21,826.37,6529.02,11762040,11894150
271,1732414527578,3,READ,496,5988.35,24.72,498.24,483.84,598.01,861.18,5988.35,12038824,12171231
272,1732414528080,0,READ,502,608.77,19.54,36.89,22.57,24.88,302.59,489.21,4644832,5144517
273,1732414528080,1,READ,497,4616.19,24.56,488.6,481.54,603.65,908.29,4616.19,12592248,12727369
274,1732414528080,2,READ,501,1507.33,24.82,467.56,467.2,579.07,787.46,1330.17,11761992,11897291
275,1732414528080,3,READ,495,6569.98,26.78,482.22,468.22,586.75,772.1,6569.98,12038808,12174067
276,1732414528582,0,READ,501,667.65,19.94,40.88,22.99,27.65,331.01,463.1,4644832,5151187
277,1732414528582,1,READ,502,1374.21,25.01,481.74,482.3,596.48,880.13,1030.14,12592248,12725464
278,1732414528582,2,READ,501,1553.41,24.7,468.35,472.57,606.21,800.77,927.23,11761992,11894551
279,1732414528582,3,READ,501,1963.01,24.8,477.02,481.54,581.63,781.31,950.78,12038792,12172093
280,1732414529084,0,READ,501,581.63,19.63,42.94,22.94,26.72,327.17,487.17,4644832,5166859
281,1732414529084,1,READ,501,987.65,24.54,474.74,481.79,598.53,801.28,974.34,12592248,12720490
282,1732414529084,2,READ,501,922.62,24.83,465.29,468.74,578.05,795.65,876.54,11761992,11890177
283,1732414529084,3,READ,501,885.25,27.36,471.17,473.86,594.94,779.26,876.54,12038776,12166884
284,1732414529586,0,READ,502,541.18,19.78,39.54,22.75,25.58,288.51,315.13,4644832,5158774
285,1732414529586,1,READ,501,945.15,27.04,472.84,478.98,574.46,662.01,905.73,12592248,12722674
286,1732414529586,2,READ,501,1056.77,24.1,477.4,474.88,597.5,745.98,964.1,11761992,11891975
287,1732414529586,3,READ,501,963.07,27.07,473.42,471.3,590.34,764.41,869.89,12038776,12169271
288,1732414530087,0,READ,502,585.73,19.42,42.83,22.64,25.71,308.74,399.87,4644832,5161694
289,1732414530087,1,READ,502,1020.41,24.91,482.94,478.72,598.53,799.23,911.36,12592248,12721701
290,1732414530087,2,READ,501,1474.56,24.74,482.99,476.93,591.36,953.86,1273.86,11761976,11891468
291,1732414530087,3,READ,502,876.03,25.44,481.18,483.58,596.48,794.62,835.58,12038776,12168517
292,1732414530589,0,READ,501,624.13,19.58,45.34,22.72,25.86,441.34,620.03,4644832,5142155
293,1732414530589,1,READ,501,1054.72,25.06,467.61,471.3,587.77,823.81,1028.61,12592248,12728296
294,1732414530589,2,READ,501,1664.0,25.6,479.38,471.04,595.46,869.89,1221.63,11761960,11897938
295,1732414530589,3,READ,501,1172.48,24.03,480.94,473.6,591.36,813.57,1152.0,12038808,12174730
296,1732414531091,0,READ,502,578.56,19.23,42.46,22.38,25.15,449.54,558.59,4644832,5152413
297,1732414531091,1,READ,502,1275.9,24.11,485.93,485.89,601.09,836.1,991.74,12592232,12724929
298,1732414531091,2,READ,501,1584.13,24.21,476.34,474.37,594.43,909.31,1134.59,11761928,11894703
299,1732414531091,3,READ,501,2238.46,25.18,469.59,463.36,584.19,833.02,1005.57,12038808,12171510
300,1732414531592,0,READ,502,523.77,19.42,43.53,22.62,25.68,354.05,504.06,4644832,5153012
301,1732414531592,1,READ,502,1082.37,24.88,477.53,468.22,590.85,800.77,923.13,12592200,12724918
302,1732414531592,2,READ,498,4431.87,24.91,489.88,485.12,598.53,789.5,4431.87,11761928,11894314
303,1732414531592,3,READ,499,3117.05,23.71,476.46,477.44,592.38,840.19,3117.05,12038808,12171035
304,1732414532094,0,READ,501,602.62,19.46,40.41,22.7,25.31,323.84,565.76,4644832,5148004
305,1732414532094,1,READ,501,1100.8,25.55,461.23,464.89,584.19,851.97,946.17,12592184,12726372
306,1732414532094,2,READ,502,954.88,25.07,477.67,472.57,592.38,829.44,894.46,11761896,11895925
307,1732414532094,3,READ,502,915.46,23.87,458.28,459.52,589.82,725.5,864.25,12038808,12172973
308,1732414532596,0,READ,501,667.13,19.55,43.78,22.86,25.98,339.45,590.85,4644832,5155429
309,1732414532596,1,READ,502,995.84,24.64,467.01,468.74,588.8,790.01,911.36,12592184,12723844
310,1732414532596,2,READ,501,985.09,25.12,471.09,472.32,596.48,745.47,927.23,11761880,11893388
311,1732414532596,3,READ,502,952.32,24.59,471.81,478.98,587.26,794.62,899.58,12038792,12170693
312,1732414533098,0,READ,502,543.74,19.74,40.18,22.69,26.56,302.85,540.67,4644832,5159558
313,1732414533098,1,READ,501,1057.79,24.43,469.88,477.95,587.77,813.05,1041.92,12592184,12722071
314,1732414533098,2,READ,496,6594.56,22.18,483.49,472.83,585.73,842.24,6594.56,11761880,11892511
315,1732414533098,3,READ,495,6549.5,24.38,478.75,465.41,591.87,827.39,6549.5,12038792,12169551
316,1732414533599,0,READ,501,478.72,19.86,35.64,22.88,29.21,283.13,331.01,4644832,5148887
317,1732414533599,1,READ,496,6377.47,24.29,488.44,476.93,599.04,814.59,6377.47,12592168,12725989
318,1732414533599,2,READ,501,1216.51,25.95,478.52,472.83,586.24,774.14,930.82,11761864,11895841
319,1732414533599,3,READ,495,6541.31,25.09,489.61,472.57,591.36,924.67,6541.31,12038792,12172613
320,1732414534101,0,READ,501,499.2,19.62,45.82,22.69,26.78,315.65,455.94,4644832,5154054
321,1732414534101,1,READ,501,1263.62,24.18,477.24,478.21,604.67,880.64,1007.62,12592152,12724238
322,1732414534101,2,READ,501,928.77,24.32,460.62,461.31,586.24,776.7,907.26,11761848,11894195
323,1732414534101,3,READ,502,1054.72,23.9,469.28,466.69,583.17,788.99,869.38,12038808,12170831
324,1732414534603,0,READ,502,636.93,19.95,38.91,22.67,25.45,299.01,471.3,4644832,5151679
325,1732414534603,1,READ,501,1844.22,24.11,478.28,471.04,588.29,827.9,1271.81,12592152,12725232
326,1732414534603,2,READ,500,1760.26,24.46,460.98,457.73,583.68,838.14,1760.26,11761816,11894616
327,1732414534603,3,READ,498,5185.53,24.16,472.81,460.03,585.73,758.27,5185.53,12038776,12169691
328,1732414535105,0,READ,501,548.35,19.38,42.34,22.8,25.58,342.27,539.65,4644832,5149739
329,1732414535105,1,READ,501,918.53,24.0,461.59,467.2,584.7,771.07,855.04,12592120,12723555
330,1732414535105,2,READ,502,967.68,24.85,469.97,466.94,589.31,847.36,950.27,11761816,11893038
331,1732414535105,3,READ,501,1208.32,24.19,474.03,473.09,584.7,821.25,942.59,12038760,12168135
332,1732414535606,0,READ,502,496.13,19.52,40.64,22.5,25.33,323.33,490.75,4644832,5153348
333,1732414535606,1,READ,501,1159.17,24.82,466.53,464.64,586.75,768.0,876.03,12592104,12724659
334,1732414535606,2,READ,501,1185.79,26.19,468.82,467.71,583.68,746.5,909.31,11761816,11894155
335,1732414535606,3,READ,502,998.4,24.43,461.21,465.15,583.17,782.34,890.88,12038728,12171158
336,1732414536108,0,READ,502,390.14,19.38,38.58,22.43,25.23,288.51,323.07,4644832,5154967
337,1732414536108,1,READ,501,1519.62,24.58,475.21,475.13,599.55,807.93,963.58,12592088,12724026
338,1732414536108,2,READ,501,1989.63,24.4,465.04,471.04,566.78,775.17,968.7,11761816,11893634
339,1732414536108,3,READ,501,931.33,24.88,454.68,464.64,562.17,792.58,820.74,12038712,12170851
340,1732414536610,0,READ,502,536.06,19.86,36.5,22.37,24.75,289.79,333.31,4644832,5147725
341,1732414536610,1,READ,502,1178.62,24.67,475.05,476.42,586.75,800.77,924.67,12592088,12726340
342,1732414536610,2,READ,502,995.33,23.84,468.46,465.41,591.36,754.17,789.5,11761816,11896184
343,1732414536610,3,READ,501,942.08,24.5,453.86,457.73,571.9,774.65,940.54,12038712,12173076
344,1732414537112,0,READ,501,458.75,19.23,35.63,22.54,24.88,299.01,347.65,4644832,5142725
345,1732414537112,1,READ,501,1170.43,24.22,483.0,479.23,596.48,883.2,1118.21,12592088,12727945
346,1732414537112,2,READ,502,942.08,24.14,476.02,480.77,586.75,764.93,892.93,11761816,11897748
347,1732414537112,3,READ,502,1093.63,25.41,478.92,470.27,588.8,843.77,969.22,12038696,12174657
348,1732414537613,0,READ,501,555.52,19.57,42.71,22.51,25.57,433.92,510.72,4644832,5150854
349,1732414537613,1,READ,501,1316.86,25.02,481.37,485.89,590.85,791.04,1018.88,12592088,12725222
350,1732414537613,2,READ,501,1139.71,23.68,477.94,474.37,593.41,822.27,1015.29,11761800,11895054
351,1732414537613,3,READ,496,6664.19,24.1,479.01,471.81,577.02,794.11,6664.19,12038696,12172046
352,1732414538115,0,READ,502,519.17,19.46,36.22,22.61,24.91,276.74,484.86,4644832,5149755
353,1732414538115,1,READ,502,944.13,24.86,473.23,479.74,603.65,853.5,907.26,12592088,12725698
354,1732414538115,2,READ,502,1270.78,23.42,471.97,469.5,602.11,820.74,947.71,11761768,11895590
355,1732414538115,3,READ,501,1106.94,24.14,462.52,464.64,572.93,779.26,974.34,12038696,12172070
356,1732414538617,0,READ,502,709.12,19.82,43.45,22.57,26.06,326.4,502.27,4644832,5153955
357,1732414538617,1,READ,500,2834.43,24.3,474.49,469.5,588.8,810.5,2834.43,12592088,12724195
358,1732414538617,2,READ,499,2646.01,24.06,474.68,467.71,588.29,897.02,2646.01,11770384,11894288
359,1732414538617,3,READ,501,2026.49,23.12,481.81,484.86,587.26,793.6,969.73,12038696,12170848
360,1732414539119,0,READ,501,659.46,19.39,37.66,22.8,25.14,301.57,464.64,4644832,5154898
361,1732414539119,1,READ,501,1673.21,24.82,476.21,473.09,606.72,850.94,1084.41,12592088,12724034
362,1732414539119,2,READ,501,1501.18,25.55,465.89,464.13,582.65,733.7,927.23,11761736,11893830
363,1732414539119,3,READ,502,903.68,25.07,480.0,486.91,586.75,802.82,885.76,12038696,12170811
364,1732414539620,0,READ,502,640.51,19.78,43.08,25.09,32.09,325.89,613.38,4644816,5162969
365,1732414539620,1,READ,502,1651.71,25.54,471.26,471.81,586.75,739.33,818.17,12592088,12721610
366,1732414539620,2,READ,499,4628.48,25.66,486.86,472.83,601.09,862.21,4628.48,11761736,11891608
367,1732414539620,3,READ,503,1020.93,28.46,474.73,474.37,594.94,761.34,930.82,12038680,12168855
368,1732414540125,0,READ,504,551.42,18.75,40.94,23.33,27.18,448.0,527.87,4644800,5153235
369,1732414540125,1,READ,500,5148.67,28.08,480.17,467.45,585.22,826.88,5148.67,12592072,12722560
370,1732414540125,2,READ,502,924.16,27.12,466.54,463.1,590.85,812.03,891.9,11761736,11892393
371,1732414540125,3,READ,501,1959.93,28.14,472.1,464.89,595.46,864.25,1067.01,12038648,12169161
372,1732414540627,0,READ,502,566.27,19.44,44.11,22.78,25.95,377.09,513.79,4644800,5163620
373,1732414540627,1,READ,498,3604.48,28.02,485.88,479.74,592.89,841.73,3604.48,12592072,12721473
374,1732414540627,2,READ,501,1474.56,27.49,481.55,486.91,604.16,780.8,993.28,11761736,11891172
375,1732414540627,3,READ,501,1591.3,235.26,474.59,468.99,592.38,771.07,929.79,12038632,12167791
376,1732414541129,0,READ,501,596.48,19.44,41.99,22.62,26.34,331.52,418.56,4644800,5157746
377,1732414541129,1,READ,501,864.77,27.7,472.41,478.21,586.75,754.69,835.58,12592072,12723276
378,1732414541129,2,READ,501,1138.69,26.77,471.42,466.69,588.8,859.13,967.17,11761736,11892748
379,1732414541129,3,READ,501,890.88,28.14,466.1,467.71,580.61,779.26,868.86,12038632,12169596
380,1732414541630,0,READ,502,552.45,19.58,45.29,22.83,27.98,348.93,484.1,4644800,5154881
381,1732414541630,1,READ,499,2215.93,26.85,482.94,476.93,592.89,802.82,2215.93,12592072,12723966
382,1732414541630,2,READ,502,1013.25,27.1,480.9,479.23,604.16,864.77,932.86,11761752,11893938
383,1732414541630,3,READ,500,1867.78,27.42,483.17,470.78,601.6,841.22,1867.78,12038632,12170423
384,1732414542132,0,READ,502,532.99,20.1,44.07,24.27,28.99,311.04,476.93,4644800,5154120
385,1732414542132,1,READ,501,1083.39,27.65,481.97,475.13,604.67,848.38,983.55,12592072,12724264
386,1732414542132,2,READ,502,914.43,26.78,466.32,468.22,583.17,769.02,884.74,11761752,11894270
387,1732414542132,3,READ,502,1086.46,28.53,466.36,457.98,590.34,762.88,986.62,12038632,12170796
388,1732414542634,0,READ,501,460.8,19.5,41.64,23.12,27.66,293.12,417.28,4644800,5155779
389,1732414542634,1,READ,501,1693.69,27.54,474.98,474.88,594.43,791.55,875.52,12592072,12723407
390,1732414542634,2,READ,498,3950.59,27.84,489.02,475.13,596.48,803.33,3950.59,11761752,11893369
391,1732414542634,3,READ,502,981.5,29.33,471.06,469.5,593.92,822.27,927.74,12038632,12170598
392,1732414543136,0,READ,502,772.1,19.28,41.13,22.57,25.41,322.56,666.11,4644800,5159607
393,1732414543136,1,READ,502,1142.78,24.32,477.7,472.83,599.04,822.78,960.51,12592072,12722470
394,1732414543136,2,READ,502,975.36,25.26,478.42,484.1,600.06,777.22,942.59,11761752,11892042
395,1732414543136,3,READ,499,2928.64,24.18,478.1,473.6,596.48,773.12,2928.64,12038616,12168732
396,1732414543637,0,READ,502,323.84,19.26,38.21,22.88,25.66,304.89,321.54,4644800,5152634
397,1732414543637,1,READ,501,1331.2,28.43,470.61,464.38,598.01,812.54,1195.01,12592072,12724710
398,1732414543637,2,READ,501,1683.45,26.69,479.12,472.32,606.72,870.91,1062.91,11761736,11894572
399,1732414543637,3,READ,501,1547.26,24.67,477.87,477.44,598.53,849.41,966.65,12038616,12168890
400,1732414544139,0,READ,501,551.42,20.0,37.01,22.59,24.75,286.72,433.92,4644800,5143689
401,1732414544139,1,READ,501,1124.35,25.81,480.07,481.28,584.7,797.18,1050.62,12592072,12727669
402,1732414544139,2,READ,502,1050.62,24.78,469.9,473.34,578.56,700.41,764.41,11761736,11897422
403,1732414544139,3,READ,491,6389.76,28.0,493.1,467.45,590.85,757.25,6389.76,12038616,12174358
404,1732414544641,0,READ,501,612.35,19.38,40.93,22.64,25.09,337.41,488.19,4644800,5167137
405,1732414544641,1,READ,500,3420.16,25.86,476.75,479.74,586.75,718.34,3420.16,12592072,12720117
406,1732414544641,2,READ,500,1371.13,27.39,471.64,466.69,595.97,824.83,1334.27,11761736,11889952
407,1732414544641,3,READ,502,977.41,24.42,472.82,473.34,597.5,821.25,939.52,12038616,12167058
408,1732414545143,0,READ,502,555.01,19.82,43.43,22.86,26.22,386.3,475.9,4644800,5156717
409,1732414545143,1,READ,501,1940.48,25.36,481.5,485.63,588.29,808.96,953.86,12592072,12723664
410,1732414545143,2,READ,501,1021.95,24.38,474.76,473.34,593.41,805.89,929.28,11761720,11892900
411,1732414545143,3,READ,500,1728.51,24.08,480.02,473.34,596.48,781.31,1728.51,12038616,12170346
412,1732414545645,0,READ,502,480.51,19.5,40.02,22.85,26.22,336.64,468.99,4644800,5148077
413,1732414545645,1,READ,500,2758.66,24.42,481.74,477.95,588.8,777.73,2758.66,12592040,12726373
414,1732414545645,2,READ,499,3125.25,26.43,477.79,468.22,583.17,852.99,3125.25,11761720,11896089
415,1732414545645,3,READ,501,1254.4,25.79,470.35,464.89,598.01,801.79,945.66,12038616,12172933
416,1732414546146,0,READ,501,709.63,19.7,40.3,22.57,25.49,330.24,539.65,4644800,5153713
417,1732414546146,1,READ,495,6569.98,27.94,496.14,480.77,586.75,802.82,6569.98,12592040,12724620
418,1732414546146,2,READ,502,1079.3,23.78,469.04,461.82,603.13,742.4,844.29,11761720,11894198
419,1732414546146,3,READ,502,895.49,25.76,479.11,483.07,590.34,850.43,891.9,12038616,12171383
420,1732414546648,0,READ,501,390.14,19.66,39.48,22.67,29.81,286.72,318.21,4644800,5157216
421,1732414546648,1,READ,501,1278.97,25.78,471.94,472.06,586.75,816.64,964.1,12592040,12723292
422,1732414546648,2,READ,496,6537.22,24.34,476.05,465.15,584.19,815.62,6537.22,11761720,11892978
423,1732414546648,3,READ,501,855.04,26.77,468.42,479.49,578.05,719.36,829.95,12038616,12170176
424,1732414547150,0,READ,502,657.92,19.74,42.17,22.64,29.73,296.45,507.39,4644800,5160495
425,1732414547150,1,READ,502,987.13,26.29,467.23,472.83,582.65,802.82,857.09,12592040,12722296
426,1732414547150,2,READ,501,908.8,25.2,466.67,469.25,587.26,827.39,902.65,11761720,11892142
427,1732414547150,3,READ,501,815.62,24.61,456.4,462.59,574.46,676.35,785.92,12038616,12168630
428,1732414547652,0,READ,501,568.83,19.95,48.83,23.05,27.2,464.13,545.79,4644800,5158297
429,1732414547652,1,READ,501,928.77,25.44,473.28,477.44,594.94,834.05,913.41,12592024,12722873
430,1732414547652,2,READ,501,1129.47,27.78,485.58,487.17,601.09,809.47,1052.67,11761720,11892720
431,1732414547652,3,READ,500,2795.52,25.25,484.23,478.21,608.77,775.68,2795.52,12038616,12169452
432,1732414548153,0,READ,501,683.52,19.36,41.6,22.72,25.31,306.18,638.46,4644800,5164736
433,1732414548153,1,READ,501,2465.79,26.08,494.81,488.45,634.37,842.75,961.53,12592024,12720981
434,1732414548153,2,READ,501,860.67,26.85,473.02,476.16,598.53,699.9,807.93,11761720,11890801
435,1732414548153,3,READ,498,3035.14,27.28,496.88,489.21,609.28,868.86,3035.14,12038584,12167358
436,1732414548655,0,READ,502,723.97,19.71,47.6,23.49,27.61,370.69,594.94,4644800,5162575
437,1732414548655,1,READ,501,941.57,26.61,498.35,498.18,623.62,843.77,897.53,12592024,12721831
438,1732414548655,2,READ,501,1433.6,28.35,490.3,489.21,607.74,809.47,1069.06,11761720,11891348
439,1732414548655,3,READ,502,1255.42,26.16,504.99,497.66,627.2,902.14,1093.63,12038584,12168044
440,1732414549157,0,READ,502,406.01,19.38,41.57,22.83,25.82,306.43,377.09,4644800,5165895
441,1732414549157,1,READ,501,962.05,25.31,486.43,485.12,611.33,775.17,885.76,12592024,12720511
442,1732414549157,2,READ,500,1869.82,24.51,488.34,477.95,613.38,838.14,1018.37,11761720,11888488
443,1732414549157,3,READ,492,5693.44,29.73,516.68,489.21,626.17,870.91,5693.44,12038584,12164700
444,1732414549659,0,READ,501,465.92,19.49,41.03,22.5,25.58,331.77,456.96,4644800,5161966
445,1732414549659,1,READ,498,4018.18,24.3,495.06,485.63,596.48,827.39,4018.18,12592024,12721474
446,1732414549659,2,READ,497,4878.34,24.37,510.5,496.89,610.82,907.26,4878.34,11761720,11891165
447,1732414549659,3,READ,498,4206.59,24.5,497.89,489.21,606.72,859.65,4206.59,12038584,12168234
448,1732414550160,0,READ,501,640.51,19.84,41.91,22.73,25.74,384.51,580.61,4644800,5154551
449,1732414550160,1,READ,502,898.56,24.83,491.96,490.5,602.62,830.46,888.83,12592024,12724042
450,1732414550160,2,READ,502,1428.48,26.11,498.16,498.94,606.21,834.56,1094.65,11761720,11894068
451,1732414550160,3,READ,500,2328.57,26.69,488.93,484.35,601.09,779.77,977.41,12038584,12171055
452,1732414550662,0,READ,502,650.75,18.82,41.07,22.54,25.25,361.21,581.12,4644800,5150604
453,1732414550662,1,READ,496,6586.37,24.18,494.76,489.73,603.13,819.2,6586.37,12592024,12724776
454,1732414550662,2,READ,490,6639.61,26.61,507.42,476.93,601.6,900.1,6639.61,11761720,11895386
455,1732414550662,3,READ,501,1387.52,27.46,479.94,484.61,606.21,772.1,973.31,12038584,12172254
456,1732414551164,0,READ,502,564.22,19.62,37.77,22.43,24.38,321.28,452.35,4644800,5148041
457,1732414551164,1,READ,501,1562.62,24.9,487.54,480.77,611.33,899.58,991.23,12592024,12726089
458,1732414551164,2,READ,502,930.3,24.03,478.59,472.32,593.92,805.38,899.58,11761720,11896132
459,1732414551164,3,READ,501,951.29,25.06,483.52,480.51,609.79,818.69,934.4,12038584,12173046
460,1732414551666,0,READ,501,495.87,19.46,44.19,22.64,26.02,321.02,361.21,4644800,5153957
461,1732414551666,1,READ,501,1132.54,28.22,487.72,487.68,608.77,889.86,986.62,12592008,12724333
462,1732414551666,2,READ,496,6586.37,23.76,489.69,481.02,595.46,849.92,6586.37,11761720,11894253
463,1732414551666,3,READ,501,1082.37,24.42,485.33,485.12,599.55,859.13,993.79,12038584,12170421
464,1732414552168,0,READ,501,740.86,19.63,49.99,22.86,26.06,432.89,595.97,4644800,5153638
465,1732414552168,1,READ,497,5734.4,26.78,505.88,493.57,621.57,870.91,5734.4,12592008,12724577
466,1732414552168,2,READ,501,1212.41,24.91,498.51,497.92,602.11,873.98,1092.61,11761720,11894030
467,1732414552168,3,READ,499,4030.46,24.06,495.52,484.86,607.74,929.28,4030.46,12038568,12171206
468,1732414552669,0,READ,502,978.94,19.47,43.16,22.78,25.12,386.05,606.21,4644800,5156384
469,1732414552669,1,READ,502,1088.51,25.09,484.97,486.14,603.65,854.53,994.82,12592008,12722988
470,1732414552669,2,READ,502,1229.82,23.68,478.78,482.56,597.5,782.34,1148.93,11761720,11893210
471,1732414552669,3,READ,501,1302.53,24.72,485.92,482.56,598.53,843.26,1191.93,12038568,12170736
472,1732414553171,0,READ,502,953.34,20.06,42.94,22.77,25.2,375.04,491.52,4644800,5152141
473,1732414553171,1,READ,501,1212.41,25.49,492.39,486.65,593.41,796.16,975.36,12592008,12724986
474,1732414553171,2,READ,499,3086.34,25.04,490.38,483.07,602.62,839.68,3086.34,11761720,11894434
475,1732414553171,3,READ,500,2131.97,24.88,488.26,487.42,610.3,1037.82,2131.97,12038568,12171499
476,1732414553673,0,READ,489,471.3,19.73,41.98,22.73,25.15,346.37,471.3,4644800,5169067
477,1732414553673,1,READ,501,1203.2,24.78,478.33,487.17,609.28,731.13,862.21,12592008,12719545
478,1732414553673,2,READ,502,947.71,253.44,493.88,482.56,607.74,823.81,918.53,11761720,11889411
479,1732414553673,3,READ,501,1017.86,25.09,491.99,494.33,619.52,868.86,1001.47,12038552,12166003
480,1732414554174,0,READ,501,613.89,19.52,36.56,22.69,25.09,319.74,469.25,4644800,5143688
481,1732414554174,1,READ,496,5881.85,24.32,486.68,472.32,606.21,943.1,5881.85,12592008,12727674
482,1732414554174,2,READ,501,954.88,25.34,488.54,480.25,608.77,891.39,916.99,11761720,11897590
483,1732414554174,3,READ,502,1037.31,24.53,488.05,485.38,603.65,745.98,1001.98,12038552,12174226
484,1732414554676,0,READ,502,619.52,19.92,39.53,22.64,25.65,301.57,456.19,4644800,5161090
485,1732414554676,1,READ,500,2150.4,24.75,490.15,487.94,601.09,815.1,2150.4,12591992,12721742
486,1732414554676,2,READ,501,1249.28,24.53,486.12,485.89,600.06,774.65,1146.88,11761720,11891657
487,1732414554676,3,READ,502,1061.89,25.81,477.82,478.21,602.62,830.46,943.1,12038552,12168889
488,1732414555178,0,READ,502,539.65,19.79,40.56,22.73,24.89,311.81,408.83,4644800,5152026
489,1732414555178,1,READ,502,1337.34,22.94,486.73,485.38,606.21,749.05,1119.23,12591976,12725133
490,1732414555178,2,READ,501,932.86,24.45,493.31,494.33,625.66,778.75,911.36,11761720,11894876
491,1732414555178,3,READ,500,2758.66,24.38,490.01,488.45,610.82,891.9,2758.66,12038552,12171690
492,1732414555680,0,READ,501,606.21,19.42,42.02,22.66,25.82,306.18,565.25,4644800,5164381
493,1732414555680,1,READ,496,6356.99,27.12,493.83,477.95,606.72,830.46,6356.99,12591976,12720885
494,1732414555680,2,READ,501,818.69,24.59,478.48,479.74,586.75,736.25,765.95,11761720,11890470
495,1732414555680,3,READ,501,1102.85,24.13,486.82,489.73,610.82,795.13,885.25,12038552,12167321
496,1732414556181,0,READ,501,670.72,19.44,45.44,22.41,25.21,363.77,588.29,4644800,5165633
497,1732414556181,1,READ,502,989.7,24.46,489.17,483.33,612.86,851.46,953.34,12591976,12720458
498,1732414556181,2,READ,501,1283.07,24.51,490.4,485.38,613.38,844.8,960.51,11761720,11888009
499,1732414556181,3,READ,502,1065.98,23.81,491.83,485.63,614.4,819.71,1051.65,12038552,12165149
500,1732414556683,0,READ,502,560.64,19.71,45.02,22.61,25.82,349.95,464.89,4644800,5171800
501,1732414556683,1,READ,500,1497.09,24.4,486.97,478.98,604.67,915.46,1161.21,12591976,12719790
502,1732414556683,2,READ,502,944.13,24.3,487.95,492.03,600.58,828.41,936.45,11761736,11888730
503,1732414556683,3,READ,498,801.28,24.02,474.67,478.98,585.73,726.53,801.28,12038552,12162717
504,1732414557185,0,READ,501,561.15,20.0,44.13,22.59,25.39,322.05,498.18,4644800,5163379
505,1732414557185,1,READ,501,1116.16,24.59,494.97,495.36,617.98,833.53,1043.45,12591992,12721247
506,1732414557185,2,READ,502,1017.34,23.33,481.55,482.81,604.67,826.37,975.87,11761736,11890857
507,1732414557185,3,READ,495,6619.14,23.82,505.29,488.19,605.18,900.1,6619.14,12038552,12167957
508,1732414557687,0,READ,501,464.38,20.06,40.92,23.05,29.86,313.09,405.25,4644800,5149932
509,1732414557687,1,READ,502,923.65,24.83,485.1,485.38,602.62,770.56,870.4,12591992,12725894
510,1732414557687,2,READ,502,860.67,24.5,484.4,486.91,587.77,763.9,841.22,11761736,11895581
511,1732414557687,3,READ,500,2482.18,24.83,493.79,488.7,608.25,814.08,2482.18,12038552,12172050
512,1732414558188,0,READ,502,647.68,19.6,39.34,23.15,26.8,329.98,362.5,4644800,5147772
513,1732414558188,1,READ,501,1168.38,26.78,509.24,507.65,630.27,887.29,1086.46,12591992,12726248
514,1732414558188,2,READ,500,1920.0,23.09,487.72,483.58,606.72,842.75,1920.0,11761736,11896036
515,1732414558188,3,READ,502,1183.74,24.34,494.53,495.1,613.38,825.34,944.13,12038536,12173133
516,1732414558690,0,READ,502,847.36,19.36,43.11,25.01,28.75,361.21,543.23,4644800,5146860
517,1732414558690,1,READ,497,6455.3,24.53,492.4,489.98,593.92,792.06,6455.3,12591976,12726911
518,1732414558690,2,READ,498,4718.59,25.57,502.32,486.91,624.13,967.17,4718.59,11761720,11896483
519,1732414558690,3,READ,500,1600.51,25.02,490.61,485.89,613.89,949.76,1156.1,12038536,12173276
520,1732414559192,0,READ,501,333.57,19.38,46.56,23.04,27.34,312.83,331.77,4644800,5175286
521,1732414559192,1,READ,501,996.35,25.09,490.78,488.96,605.7,888.83,969.22,12591960,12717246
522,1732414559192,2,READ,496,6647.81,25.26,509.6,501.25,617.47,852.48,6647.81,11761704,11887195
523,1732414559192,3,READ,501,1157.12,24.35,485.69,486.65,611.84,819.71,1022.98,12038568,12163943
524,1732414559694,0,READ,501,550.4,19.5,42.46,22.77,25.77,346.11,535.55,4644800,5146763
525,1732414559694,1,READ,500,1607.68,26.0,501.88,490.5,622.59,920.06,1607.68,12591960,12726695
526,1732414559694,2,READ,500,1787.9,25.5,497.31,491.52,606.72,896.0,1073.15,11761704,11896331
527,1732414559694,3,READ,502,963.58,24.62,479.77,478.98,605.18,761.34,919.04,12038568,12173515
528,1732414560196,0,READ,502,598.01,19.42,36.61,22.34,24.38,308.99,505.6,4644800,5139863
529,1732414560196,1,READ,501,2129.92,24.16,484.66,485.12,591.87,728.06,834.56,12591960,12729090
530,1732414560196,2,READ,501,996.86,24.96,498.43,493.82,611.84,859.65,994.82,11761704,11898808
531,1732414560196,3,READ,498,3901.44,23.92,493.73,475.39,624.13,943.1,3901.44,12038568,12175476
532,1732414560697,0,READ,501,589.31,19.54,43.3,22.43,25.09,338.69,464.89,4644800,5148577
533,1732414560697,1,READ,501,1222.65,24.4,491.51,485.38,613.38,907.77,1113.09,12591960,12726170
534,1732414560697,2,READ,501,1000.45,24.1,482.06,481.54,605.18,835.07,953.86,11761720,11895678
535,1732414560697,3,READ,501,1191.93,24.42,487.53,482.3,601.6,895.49,1178.62,12038568,12172644
536,1732414561199,0,READ,502,821.25,19.31,44.02,22.45,25.7,321.02,350.46,4644800,5165880
537,1732414561199,1,READ,496,6459.39,24.22,501.15,491.01,612.35,828.41,6459.39,12591960,12719713
538,1732414561199,2,READ,496,6643.71,24.03,495.24,487.42,586.75,822.78,6643.71,11761720,11890353
539,1732414561199,3,READ,502,1036.29,24.45,490.03,484.1,610.3,813.57,932.86,12038568,12167217
540,1732414561701,0,READ,501,601.6,18.99,45.24,22.78,26.29,313.34,532.99,4644800,5158965
541,1732414561701,1,READ,496,6451.2,24.62,493.19,482.05,600.06,847.36,6451.2,12591960,12722141
542,1732414561701,2,READ,502,1209.34,24.43,488.61,482.56,609.79,875.01,1010.17,11761720,11893036
543,1732414561701,3,READ,501,1339.39,24.43,488.7,491.26,610.3,781.31,902.65,12038568,12169044
544,1732414562202,0,READ,501,1091.58,19.54,42.02,22.82,25.73,323.07,513.02,4644800,5164709
545,1732414562202,1,READ,502,1036.29,25.33,489.97,492.29,616.45,781.82,991.74,12591960,12720580
546,1732414562202,2,READ,501,1204.22,24.43,486.47,485.63,601.6,893.95,1031.68,11761720,11890744
547,1732414562202,3,READ,500,2641.92,25.92,491.0,485.38,620.54,873.47,2641.92,12038568,12167599
548,1732414562704,0,READ,502,483.33,19.31,39.77,22.69,25.55,330.75,437.76,4644800,5146779
549,1732414562704,1,READ,501,1076.22,23.57,492.06,482.3,614.91,871.93,947.71,12591960,12726699
550,1732414562704,2,READ,500,1146.88,25.01,482.48,474.62,609.79,857.6,1146.88,11761720,11896231
551,1732414562704,3,READ,502,929.79,24.85,481.0,475.65,599.04,820.74,839.68,12038568,12173434
552,1732414563206,0,READ,501,633.34,20.56,38.14,22.72,24.93,326.4,339.71,4644800,5173542
553,1732414563206,1,READ,502,992.77,24.42,487.85,486.65,607.74,794.62,984.06,12591960,12716123
554,1732414563206,2,READ,502,1633.28,24.53,508.44,504.32,617.98,845.82,925.7,11761720,11885549
555,1732414563206,3,READ,502,964.1,25.07,480.48,480.0,600.06,812.03,925.18,12038568,12162587
556,1732414563708,0,READ,502,632.32,19.76,38.71,22.51,25.01,337.66,432.64,4644800,5163871
557,1732414563708,1,READ,501,1192.96,24.03,488.24,489.21,610.82,903.68,1141.76,12591960,12720745
558,1732414563708,2,READ,501,1452.03,25.46,487.06,492.03,609.79,825.34,942.59,11761720,11890993
559,1732414563708,3,READ,500,1863.68,24.22,488.51,481.28,604.67,831.49,962.56,12038568,12168234
560,1732414564209,0,READ,502,598.53,19.9,42.45,22.53,25.65,296.7,482.05,4644800,5164284
561,1732414564209,1,READ,502,900.1,24.54,471.5,479.49,598.01,773.12,882.17,12591976,12720544
562,1732414564209,2,READ,501,1069.06,23.97,479.08,476.67,601.09,785.92,825.34,11761720,11891037
563,1732414564209,3,READ,501,887.29,24.77,464.25,467.45,573.44,731.13,849.92,12038568,12167333
564,1732414564711,0,READ,501,587.26,19.76,41.59,22.7,26.3,362.5,572.41,4644800,5145679
565,1732414564711,1,READ,498,5124.1,25.55,481.93,469.5,593.41,811.52,5124.1,12591976,12726972
566,1732414564711,2,READ,497,4796.41,25.25,476.89,463.62,599.55,859.65,4796.41,11761720,11896815
567,1732414564711,3,READ,502,960.0,24.9,478.8,469.76,600.58,866.3,952.83,12038568,12173602
568,1732414565213,0,READ,501,593.92,19.41,43.64,22.77,26.13,397.31,569.34,4644800,5154516
569,1732414565213,1,READ,501,911.36,24.38,467.07,467.45,581.63,727.04,876.03,12591976,12724295
570,1732414565213,2,READ,502,1040.89,23.74,467.21,462.33,577.02,900.61,970.24,11761720,11893911
571,1732414565213,3,READ,501,1041.41,23.55,472.67,479.49,578.05,753.15,989.7,12038568,12170970
572,1732414565715,0,READ,502,528.89,19.66,37.27,22.5,25.28,329.47,517.89,4644784,5150747
573,1732414565715,1,READ,501,906.24,23.7,481.97,489.47,592.89,697.34,768.51,12591976,12725522
574,1732414565715,2,READ,500,2109.44,24.06,469.55,470.53,590.34,823.29,951.29,11761704,11895211
575,1732414565715,3,READ,501,1118.21,24.69,465.27,467.97,577.53,849.41,929.79,12038568,12171667
576,1732414566216,0,READ,502,763.9,18.9,42.43,22.22,25.18,435.97,538.62,4644784,5153195
577,1732414566216,1,READ,502,851.97,24.26,484.64,492.03,599.55,751.1,820.74,12591976,12724606
578,1732414566216,2,READ,501,945.66,23.9,484.45,489.98,600.58,764.93,874.5,11761704,11894314
579,1732414566216,3,READ,501,1320.96,24.05,464.28,463.1,590.34,741.38,948.22,12038568,12171314
580,1732414566718,0,READ,501,590.34,19.22,40.44,22.14,24.86,431.62,581.63,4644784,5156502
581,1732414566718,1,READ,501,1015.29,25.26,472.97,472.32,599.04,803.33,902.65,12591976,12721599
582,1732414566718,2,READ,502,1031.68,24.4,476.41,471.3,599.55,826.88,1002.5,11761688,11891187
583,1732414566718,3,READ,500,2071.55,24.11,463.86,457.98,583.68,722.94,2071.55,12038568,12168281
584,1732414567220,0,READ,502,566.27,19.34,44.01,22.37,25.63,425.98,485.12,4644784,5154650
585,1732414567220,1,READ,501,992.77,24.27,462.63,464.13,580.1,805.38,882.69,12591976,12724234
586,1732414567220,2,READ,501,930.82,24.53,462.71,465.15,593.41,759.29,848.38,11761688,11893061
587,1732414567220,3,READ,501,1352.7,24.43,452.52,455.68,566.27,808.45,1100.8,12038568,12171005
588,1732414567722,0,READ,502,637.95,19.95,43.12,22.56,30.75,383.74,617.98,4644784,5159511
589,1732414567722,1,READ,496,6574.08,24.37,475.77,464.13,580.1,836.1,6574.08,12591992,12722245
590,1732414567722,2,READ,491,6303.74,25.02,474.58,452.1,557.05,741.38,6303.74,11761688,11892363
591,1732414567722,3,READ,501,1032.7,24.77,451.81,453.38,566.78,819.2,977.41,12038568,12169412
592,1732414568223,0,READ,501,579.07,19.34,41.96,22.73,25.54,287.23,565.76,4644784,5153612
593,1732414568223,1,READ,499,3647.49,23.95,469.74,461.06,587.26,824.83,3647.49,12591976,12724360
594,1732414568223,2,READ,502,877.05,25.42,457.57,461.06,572.41,717.31,846.34,11761688,11891988
595,1732414568223,3,READ,501,1394.69,24.11,447.47,446.72,559.1,778.24,876.54,12038568,12169084
596,1732414568725,0,READ,502,623.62,19.36,32.98,22.29,23.97,270.08,579.58,4644784,5147348
597,1732414568725,1,READ,502,925.18,26.61,469.14,460.29,580.1,833.02,898.56,12591976,12724049
598,1732414568725,2,READ,501,1221.63,24.78,457.2,455.68,578.05,761.86,900.1,11761688,11893865
599,1732414568725,3,READ,501,828.41,24.11,447.36,449.79,563.71,754.69,815.62,12038568,12170982
600,1732414569227,0,READ,502,583.68,19.33,38.38,22.56,25.2,282.62,455.94,4644784,5164541
601,1732414569227,1,READ,502,1064.96,25.07,459.71,460.54,567.29,822.78,1055.74,12591976,12721001
602,1732414569227,2,READ,502,1017.86,23.47,454.83,451.33,572.41,897.53,942.59,11761704,11890657
603,1732414569227,3,READ,501,1137.66,24.82,454.7,453.63,572.93,791.55,867.33,12038568,12167270
604,1732414569729,0,READ,502,603.13,19.01,36.67,22.25,24.59,304.38,494.33,4644784,5159048
605,1732414569729,1,READ,501,1182.72,23.52,452.55,460.29,570.37,730.11,826.88,12591976,12722548
606,1732414569729,2,READ,501,855.55,24.1,456.21,457.21,575.49,775.17,844.8,11761704,11892419
607,1732414569729,3,READ,502,795.13,24.16,454.72,455.94,569.86,739.33,787.46,12038568,12169463
608,1732414570230,0,READ,501,449.54,19.2,40.11,22.43,25.52,290.3,443.39,4644784,5153560
609,1732414570230,1,READ,502,837.63,24.14,460.21,460.54,582.65,773.63,835.58,12591992,12724631
610,1732414570230,2,READ,500,2144.26,24.37,461.64,461.31,576.51,722.94,2144.26,11761704,11894183
611,1732414570230,3,READ,501,1869.82,24.37,451.48,447.74,570.88,797.7,953.86,12038568,12170934
612,1732414570732,0,READ,502,616.96,19.41,39.2,22.46,25.6,308.22,586.75,4644784,5154830
613,1732414570732,1,READ,501,1013.25,24.13,462.57,466.43,580.61,792.06,824.83,12592008,12724147
614,1732414570732,2,READ,500,2547.71,24.8,459.79,452.86,569.34,737.28,2547.71,11761704,11893794
615,1732414570732,3,READ,501,1154.05,24.37,464.42,459.77,579.07,815.1,1061.89,12038568,12170408
616,1732414571234,0,READ,502,583.68,19.39,38.84,22.35,24.66,284.16,408.57,4644768,5150060
617,1732414571234,1,READ,501,1007.1,25.25,468.44,471.3,572.93,755.2,895.49,12592008,12725473
618,1732414571234,2,READ,501,1498.11,24.11,452.42,457.47,556.03,772.1,945.66,11761704,11895436
619,1732414571234,3,READ,502,1156.1,24.56,465.23,460.03,583.17,860.67,1000.45,12038568,12172380
620,1732414571736,0,READ,501,529.41,19.2,42.98,22.62,25.92,324.61,517.89,4644768,5172168
621,1732414571736,1,READ,501,1866.75,23.62,470.23,475.9,588.29,859.65,1000.45,12592008,12718266
622,1732414571736,2,READ,501,1025.02,23.9,456.04,461.31,590.85,824.83,921.09,11761704,11887475
623,1732414571736,3,READ,501,1483.78,23.18,461.41,465.92,570.37,749.05,830.98,12038568,12165155
624,1732414572237,0,READ,501,541.7,19.57,42.3,22.51,25.6,321.79,466.18,4644768,5148734
625,1732414572237,1,READ,500,2666.49,24.82,466.66,458.75,574.46,858.11,2666.49,12592008,12726114
626,1732414572237,2,READ,502,950.27,24.21,459.54,462.85,577.53,811.52,899.07,11761688,11895612
627,1732414572237,3,READ,500,2011.13,24.75,457.0,455.17,571.9,779.77,2011.13,12038568,12172752
628,1732414572739,0,READ,502,552.96,19.31,36.71,22.45,24.53,285.18,548.35,4644768,5145472
629,1732414572739,1,READ,502,848.89,23.71,443.66,452.35,548.86,721.41,768.51,12592008,12727222
630,1732414572739,2,READ,501,1667.07,24.26,460.41,460.54,558.08,790.01,1113.09,11761688,11896876
631,1732414572739,3,READ,501,1021.44,24.13,469.39,465.41,589.82,789.5,901.63,12038568,12173967
632,1732414573241,0,READ,501,612.86,18.98,38.6,22.37,25.17,306.43,532.99,4644768,5161565
633,1732414573241,1,READ,502,990.72,24.1,467.68,470.53,582.14,766.98,889.86,12592008,12722396
634,1732414573241,2,READ,496,6447.1,24.94,459.38,455.17,572.41,800.25,6447.1,11761688,11890832
635,1732414573241,3,READ,501,889.86,24.64,466.57,463.36,574.46,771.07,884.22,12038568,12168796
636,1732414573743,0,READ,501,459.26,19.18,34.17,22.38,24.43,287.23,349.95,4644768,5155838
637,1732414573743,1,READ,501,1282.05,25.26,471.11,472.83,588.29,842.24,976.38,12592008,12723626
638,1732414573743,2,READ,498,3477.5,24.3,473.0,468.74,583.68,720.38,3477.5,11761688,11893146
639,1732414573743,3,READ,502,1384.45,24.86,469.94,465.92,583.17,887.29,994.3,12038648,12170577
640,1732414574244,0,READ,501,487.94,19.14,43.5,22.53,25.36,442.88,478.98,4644768,5146724
641,1732414574244,1,READ,501,1223.68,24.38,469.76,472.32,583.68,798.21,952.32,12592008,12726464
642,1732414574244,2,READ,496,6619.14,25.06,479.63,469.5,585.22,738.82,6619.14,11761704,11896244
643,1732414574244,3,READ,501,953.86,24.11,467.29,467.71,590.85,757.76,928.77,12038648,12173600
644,1732414574746,0,READ,502,594.94,19.55,35.82,22.46,24.56,304.13,568.32,4644752,5145304
645,1732414574746,1,READ,502,888.32,24.5,468.68,468.99,577.53,756.22,825.34,12591992,12727236
646,1732414574746,2,READ,500,900.1,24.91,476.97,477.69,592.38,785.41,891.9,11761704,11896792
647,1732414574746,3,READ,502,972.29,25.06,460.85,459.26,575.49,695.29,842.24,12038648,12173832
648,1732414575248,0,READ,501,573.44,19.44,41.6,22.64,25.71,292.35,557.57,4644752,5168042
649,1732414575248,1,READ,496,6627.33,25.54,489.88,471.81,610.3,804.86,6627.33,12592008,12718035
650,1732414575248,2,READ,501,919.55,24.86,483.09,482.3,602.11,738.3,867.84,11761688,11890388
651,1732414575248,3,READ,501,1193.98,25.25,471.03,469.76,591.87,816.13,908.8,12038648,12166692
652,1732414575750,0,READ,501,753.15,19.39,46.14,22.89,27.04,320.77,631.29,4644752,5151698
653,1732414575750,1,READ,502,1197.06,25.04,473.63,473.6,590.34,838.14,1041.92,12592008,12725197
654,1732414575750,2,READ,501,1041.92,25.76,468.6,466.69,592.38,805.38,1026.56,11761688,11894613
655,1732414575750,3,READ,502,972.8,24.54,473.66,479.23,592.89,771.07,972.8,12038648,12171636
656,1732414576251,0,READ,502,803.33,19.62,43.85,22.48,25.36,362.5,578.05,4644752,5154677
657,1732414576251,1,READ,501,1288.19,23.68,472.4,471.81,608.77,871.93,1065.98,12592008,12723929
658,1732414576251,2,READ,502,849.92,25.39,475.29,479.23,594.94,749.05,807.93,11761688,11893726
659,1732414576251,3,READ,502,1082.37,24.27,468.12,466.69,577.02,761.86,884.74,12038648,12170882
660,1732414576753,0,READ,502,622.59,18.9,47.68,22.7,25.73,508.93,605.7,4644752,5164224
661,1732414576753,1,READ,500,2826.24,24.35,482.84,478.46,588.29,815.1,2826.24,12592008,12721071
662,1732414576753,2,READ,501,1044.48,24.08,461.72,463.1,569.86,732.16,954.37,11761688,11891072
663,1732414576753,3,READ,499,2096.13,24.08,469.58,463.1,585.22,846.34,2096.13,12038648,12167318
664,1732414577255,0,READ,501,1036.29,19.41,46.32,22.56,25.52,335.87,522.5,4644752,5164203
665,1732414577255,1,READ,501,923.13,24.54,474.56,473.86,595.46,762.88,870.4,12592008,12721037
666,1732414577255,2,READ,501,969.73,24.59,476.64,476.42,593.92,845.82,899.58,11761672,11890563
667,1732414577255,3,READ,502,857.6,23.98,471.56,472.57,594.43,750.08,834.56,12038648,12167849
668,1732414577756,0,READ,502,636.93,19.54,40.4,22.41,25.38,327.94,583.17,4644752,5149048
669,1732414577756,1,READ,501,851.97,24.16,466.03,464.13,581.63,710.65,837.63,12592008,12725872
670,1732414577756,2,READ,502,998.91,23.9,467.46,468.74,607.23,797.18,884.22,11761688,11895653
671,1732414577756,3,READ,499,3579.9,26.14,475.93,477.69,590.85,809.98,3579.9,12038648,12172697
672,1732414578259,0,READ,502,678.4,19.26,45.91,24.43,31.57,447.23,663.04,4644752,5150429
673,1732414578259,1,READ,502,1029.12,24.59,474.09,473.6,592.38,822.78,942.08,12592008,12725190
674,1732414578259,2,READ,501,1655.81,24.11,473.58,482.3,577.53,756.22,975.36,11761688,11895275
675,1732414578259,3,READ,501,1061.89,24.74,485.96,483.33,610.82,816.13,948.74,12038648,12172143
676,1732414578760,0,READ,502,546.3,19.78,44.6,22.99,28.43,374.53,489.73,4644752,5159903
677,1732414578760,1,READ,502,920.58,24.14,472.52,472.83,589.31,737.79,885.76,12592008,12722190
678,1732414578760,2,READ,502,1017.86,24.24,468.67,469.5,584.7,728.58,854.01,11761688,11892026
679,1732414578760,3,READ,499,3485.7,24.45,477.81,471.81,595.46,828.41,3485.7,12038664,12169094
680,1732414579262,0,READ,501,520.7,19.39,44.44,24.32,29.47,421.63,500.99,4644752,5154336
681,1732414579262,1,READ,502,937.98,24.66,463.29,462.59,584.7,788.48,862.21,12592008,12724230
682,1732414579262,2,READ,501,1499.13,24.18,479.53,480.0,596.99,824.32,953.34,11761688,11893860
683,1732414579262,3,READ,502,923.13,24.08,467.47,469.5,584.19,720.38,887.81,12038664,12170892
684,1732414579764,0,READ,501,562.69,19.92,47.48,22.72,28.13,403.2,515.84,4644752,5165014
685,1732414579764,1,READ,501,1148.93,24.45,465.22,467.97,568.83,788.48,985.6,12592008,12720881
686,1732414579764,2,READ,502,1067.01,23.31,457.28,460.29,571.9,731.13,893.44,11761688,11889861
687,1732414579764,3,READ,501,830.98,24.93,462.13,468.99,584.7,669.18,795.13,12038664,12168125
688,1732414580266,0,READ,502,578.05,19.65,39.51,22.43,25.12,339.97,502.27,4644752,5165460
689,1732414580266,1,READ,502,1028.61,24.18,465.11,467.45,582.14,827.39,1010.17,12592008,12720790
690,1732414580266,2,READ,501,830.98,24.58,460.25,463.36,564.74,655.87,714.24,11761688,11888846
691,1732414580266,3,READ,501,1249.28,24.26,464.6,462.33,590.34,781.31,813.57,12038664,12164911
692,1732414580767,0,READ,501,559.1,19.7,43.99,22.67,25.39,457.98,543.74,4644752,5148915
693,1732414580767,1,READ,498,4210.69,24.64,488.84,476.93,594.43,866.3,4210.69,12591992,12726063
694,1732414580767,2,READ,496,6418.43,23.36,487.06,478.98,591.36,871.93,6418.43,11761688,11895537
695,1732414580767,3,READ,496,6234.11,24.13,488.28,472.32,590.34,859.13,6234.11,12038664,12172729
696,1732414581269,0,READ,502,640.0,19.28,38.79,22.62,24.99,338.18,486.14,4644752,5161417
697,1732414581269,1,READ,496,6107.14,24.5,491.0,474.37,604.16,889.86,6107.14,12591976,12721926
698,1732414581269,2,READ,501,1142.78,24.51,460.85,461.31,581.12,741.89,935.42,11761688,11891386
699,1732414581269,3,READ,501,1265.66,24.19,474.72,469.76,602.62,830.46,893.95,12038664,12168665
700,1732414581771,0,READ,502,643.07,19.6,45.37,22.56,25.97,425.47,599.55,4644752,5162526
701,1732414581771,1,READ,501,1855.49,24.54,465.24,465.41,578.05,714.24,868.35,12591976,12721510
702,1732414581771,2,READ,499,3665.92,21.79,462.39,468.99,583.68,688.13,3665.92,11761688,11891178
703,1732414581771,3,READ,501,930.3,22.48,467.72,466.94,583.17,797.18,873.47,12038664,12168024
704,1732414582273,0,READ,501,543.74,19.26,39.73,24.48,30.78,360.45,469.25,4644752,5145706
705,1732414582273,1,READ,502,954.37,28.58,463.58,461.06,580.1,799.74,891.9,12600608,12727149
706,1732414582273,2,READ,498,6373.38,25.1,481.79,467.45,593.92,795.65,6373.38,11761688,11896768
707,1732414582273,3,READ,503,883.2,27.86,461.48,465.41,583.68,800.25,863.74,12038680,12174103
708,1732414582777,0,READ,504,493.82,19.38,36.83,23.21,27.54,293.12,449.79,4644752,5149479
709,1732414582777,1,READ,503,817.15,28.14,466.49,469.76,582.65,720.89,796.16,12591960,12725526
710,1732414582777,2,READ,503,1118.21,25.09,468.27,471.55,579.07,764.93,997.38,11761688,11895588
711,1732414582777,3,READ,502,1221.63,28.42,473.75,477.18,593.41,723.46,841.73,12038680,12172640
712,1732414583279,0,READ,502,574.46,19.26,41.09,22.78,26.67,329.47,467.71,4644752,5157824
713,1732414583279,1,READ,502,863.74,29.22,481.9,478.72,592.89,744.45,842.75,12591960,12722952
714,1732414583279,2,READ,502,904.19,25.18,466.31,466.43,572.93,685.57,833.02,11761688,11892744
715,1732414583279,3,READ,501,948.22,29.92,484.53,489.47,602.11,731.13,827.39,12038680,12169520
716,1732414583781,0,READ,489,526.85,20.21,44.84,22.96,26.53,350.72,526.85,4644752,5162020
717,1732414583781,1,READ,501,1733.63,27.86,475.33,476.67,598.53,834.56,1016.83,12591960,12721848
718,1732414583781,2,READ,501,883.2,26.54,474.68,475.13,584.19,740.86,861.7,11761688,11891469
719,1732414583781,3,READ,502,1040.89,24.3,479.87,486.4,594.43,863.74,999.93,12038680,12168069
720,1732414584283,0,READ,501,512.0,19.52,45.4,22.75,26.08,347.9,470.53,4644752,5171138
721,1732414584283,1,READ,498,3112.96,26.83,497.54,493.82,611.84,771.07,3112.96,12591944,12718215
722,1732414584283,2,READ,501,916.99,25.71,482.04,485.89,593.92,778.24,899.07,11761704,11888102
723,1732414584283,3,READ,499,3944.45,26.93,481.07,483.33,605.18,890.37,3944.45,12038664,12165815
724,1732414584784,0,READ,502,647.68,18.38,47.74,22.51,25.54,561.66,643.58,4644752,5160001
725,1732414584784,1,READ,502,968.7,23.76,476.66,481.54,607.74,858.11,927.23,12591944,12722499
726,1732414584784,2,READ,502,1077.25,28.37,483.8,481.54,599.04,788.48,826.88,11761704,11892160
727,1732414584784,3,READ,495,6721.53,26.96,485.41,472.06,605.7,821.25,6721.53,12038664,12168620
728,1732414585286,0,READ,502,583.17,19.68,41.82,24.13,30.37,321.28,465.41,4644752,5149381
729,1732414585286,1,READ,501,1623.04,28.37,483.45,480.77,610.3,807.93,904.19,12591944,12725573
730,1732414585286,2,READ,502,1108.99,25.92,474.69,466.18,595.46,812.54,842.24,11761736,11895726
731,1732414585286,3,READ,502,1263.62,24.53,464.66,465.92,587.77,727.55,929.28,12038664,12172614
732,1732414585788,0,READ,501,659.97,19.22,41.53,23.02,27.18,337.66,619.01,4644752,5153266
733,1732414585788,1,READ,502,969.73,26.43,475.17,485.12,603.65,783.87,884.74,12591944,12724331
734,1732414585788,2,READ,500,1671.17,26.48,474.46,476.93,585.73,794.62,866.3,11761720,11894544
735,1732414585788,3,READ,501,1058.82,25.28,476.42,479.49,590.34,689.15,856.06,12038664,12171185
736,1732414586290,0,READ,501,494.33,19.95,45.21,22.82,25.41,336.38,476.93,4644752,5156808
737,1732414586290,1,READ,493,6524.93,28.06,497.52,478.98,610.3,828.93,6524.93,12591944,12723056
738,1732414586290,2,READ,502,992.25,25.39,478.39,480.25,592.89,753.66,919.55,11761720,11892824
739,1732414586290,3,READ,501,1836.03,27.7,488.0,482.81,593.92,778.75,1236.99,12038664,12170348
740,1732414586791,0,READ,502,529.41,18.9,37.81,22.46,24.99,307.45,424.45,4644752,5152265
741,1732414586791,1,READ,502,871.93,26.48,482.43,495.1,596.48,688.64,861.7,12591944,12724867
742,1732414586791,2,READ,490,6680.57,28.38,503.14,478.72,608.77,805.38,6680.57,11761704,11894423
743,1732414586791,3,READ,501,903.17,27.6,470.98,467.97,586.75,812.54,873.98,12038664,12171858
744,1732414587293,0,READ,501,755.2,19.54,39.01,22.69,25.14,321.79,534.01,4644752,5153959
745,1732414587293,1,READ,500,2127.87,24.99,477.93,479.74,596.48,846.85,2127.87,12591944,12722244
746,1732414587293,2,READ,501,913.41,27.14,475.47,477.95,598.01,800.77,878.59,11761704,11892228
747,1732414587293,3,READ,498,4370.43,24.85,476.17,472.57,586.75,833.53,4370.43,12038632,12169016
748,1732414587795,0,READ,502,740.35,19.2,48.81,22.86,26.38,378.11,623.1,4644752,5157569
749,1732414587795,1,READ,501,1057.79,27.82,482.44,488.7,609.79,736.77,852.48,12591944,12722747
750,1732414587795,2,READ,492,6463.49,27.1,497.43,483.07,594.43,832.51,6463.49,11761704,11892834
751,1732414587795,3,READ,501,1067.01,27.39,493.23,498.18,616.45,855.04,935.42,12038616,12169882
752,1732414588297,0,READ,502,412.42,19.04,39.48,22.7,25.17,311.81,362.5,4644752,5150421
753,1732414588297,1,READ,502,1226.75,27.28,481.2,483.84,591.36,843.26,1051.65,12591944,12725555
754,1732414588297,2,READ,499,3233.79,25.15,489.83,486.65,614.91,825.34,3233.79,11761688,11895246
755,1732414588297,3,READ,501,1427.45,25.55,481.7,479.74,610.82,856.06,1255.42,12038616,12171969
756,1732414588798,0,READ,501,633.34,19.38,39.2,22.83,25.79,366.33,587.26,4644752,5159195
757,1732414588798,1,READ,501,1111.04,25.26,490.15,487.94,614.4,852.99,946.69,12591944,12722925
758,1732414588798,2,READ,496,6582.27,27.07,503.76,487.42,621.05,833.02,6582.27,11761688,11892209
759,1732414588798,3,READ,502,926.72,25.79,486.68,484.61,619.52,848.89,908.8,12038584,12169437
760,1732414589300,0,READ,501,346.62,19.68,40.55,22.83,29.89,304.13,321.79,4644752,5143657
761,1732414589300,1,READ,501,1428.48,28.08,487.6,481.02,608.77,867.33,1082.37,12591944,12727773
762,1732414589300,2,READ,498,4681.73,25.47,491.69,483.84,592.89,797.18,4681.73,11761688,11897537
763,1732414589300,3,READ,496,6549.5,25.58,496.23,484.1,603.13,820.22,6549.5,12038584,12174370
764,1732414589802,0,READ,502,626.69,19.57,43.88,22.88,30.89,315.39,609.28,4644752,5152031
765,1732414589802,1,READ,497,4907.01,27.58,496.38,490.75,606.21,862.21,4907.01,12591944,12724703
766,1732414589802,2,READ,501,844.8,28.13,473.84,479.74,595.46,764.93,843.77,11761656,11894796
767,1732414589802,3,READ,501,1009.15,27.92,476.18,475.65,598.01,832.0,970.75,12038584,12169796
768,1732414590304,0,READ,501,440.06,19.22,40.75,22.67,25.73,331.26,433.15,4644752,5162822
769,1732414590304,1,READ,502,930.82,25.15,494.37,498.43,615.93,867.33,912.38,12591944,12721175
770,1732414590304,2,READ,501,1148.93,25.17,476.59,470.78,596.99,781.82,1142.78,11761640,11891411
771,1732414590304,3,READ,500,1552.38,25.1,485.76,484.1,591.87,827.9,1086.46,12038584,12168227
772,1732414590805,0,READ,501,625.15,19.44,43.42,22.77,26.45,338.94,471.55,4644752,5160105
773,1732414590805,1,READ,496,5980.16,24.78,505.35,492.03,612.35,890.37,5980.16,12591944,12721905
774,1732414590805,2,READ,500,1309.69,27.57,486.44,476.42,611.84,837.63,1309.69,11761640,11891949
775,1732414590805,3,READ,499,2131.97,24.14,477.34,476.93,585.73,741.38,2131.97,12038584,12169081
776,1732414591307,0,READ,502,614.4,20.0,42.71,22.27,25.26,387.58,509.95,4644752,5166051
777,1732414591307,1,READ,500,2236.41,24.88,487.77,484.1,613.89,925.18,2236.41,12591928,12720035
778,1732414591307,2,READ,501,2088.96,24.74,471.96,471.81,582.65,778.75,1104.89,11761640,11889745
779,1732414591307,3,READ,501,2322.43,24.75,470.91,474.37,592.38,776.7,1888.26,12038568,12167435
780,1732414591809,0,READ,502,549.38,19.6,43.23,22.61,26.56,378.37,521.73,4644752,5158529
781,1732414591809,1,READ,502,896.0,25.82,472.31,478.46,594.43,768.51,837.63,12591928,12722464
782,1732414591809,2,READ,501,1583.1,27.02,484.56,477.44,595.46,799.74,994.3,11761656,11892699
783,1732414591809,3,READ,501,1426.43,24.05,471.58,476.16,588.8,785.41,1092.61,12038568,12169823
784,1732414592311,0,READ,501,534.53,19.07,44.91,22.62,25.84,323.84,516.61,4644752,5171335
785,1732414592311,1,READ,501,2018.3,24.86,483.72,484.35,595.46,861.7,992.77,12591928,12718811
786,1732414592311,2,READ,501,899.58,24.53,474.55,477.44,593.92,791.04,844.29,11761672,11888827
787,1732414592311,3,READ,501,1469.44,25.57,474.08,468.22,601.09,782.34,914.43,12038536,12165311
788,1732414592812,0,READ,501,614.91,19.82,48.97,22.78,30.14,399.62,592.38,4644752,5163409
789,1732414592812,1,READ,501,1078.27,25.01,482.72,480.77,594.43,824.83,1022.98,12591928,12721158
790,1732414592812,2,READ,501,912.89,24.91,484.45,490.24,596.48,798.72,831.49,11761672,11890706
791,1732414592812,3,READ,501,1161.21,24.08,478.52,485.63,595.97,812.03,856.06,12038536,12168393
792,1732414593314,0,READ,502,455.94,19.33,38.6,22.69,25.33,309.76,434.94,4644752,5150676
793,1732414593314,1,READ,501,2036.73,24.94,477.17,474.11,591.36,797.7,881.15,12591928,12725782
794,1732414593314,2,READ,501,840.7,24.16,468.05,477.69,587.77,770.05,838.65,11761672,11894804
795,1732414593314,3,READ,495,6426.62,24.83,487.16,477.95,604.16,737.28,6426.62,12038520,12170136
796,1732414593816,0,READ,501,537.09,19.5,44.39,22.46,25.79,330.5,423.94,4644752,5171857
797,1732414593816,1,READ,496,5349.38,24.88,491.8,478.72,603.65,845.82,5349.38,12591944,12718800
798,1732414593816,2,READ,499,2252.8,27.22,486.96,488.96,605.18,835.07,2252.8,11761672,11888295
799,1732414593816,3,READ,496,6660.1,24.38,483.77,469.76,603.65,747.01,6660.1,12038520,12165667
800,1732414594317,0,READ,501,540.67,19.41,44.27,22.4,25.71,314.88,488.96,4644752,5152218
801,1732414594317,1,READ,501,783.36,24.38,472.34,484.35,583.17,702.46,779.26,12591960,12725066
802,1732414594317,2,READ,497,4800.51,24.62,482.0,473.6,591.87,788.48,4800.51,11761672,11895011
803,1732414594317,3,READ,501,1622.02,23.42,468.45,474.11,589.82,727.04,878.59,12038520,12171145
804,1732414594819,0,READ,502,615.42,19.34,41.0,22.29,24.72,357.38,532.48,4644752,5149974
805,1732414594819,1,READ,502,941.05,24.7,488.92,491.52,603.13,793.09,878.08,12591960,12725584
806,1732414594819,2,READ,501,1352.7,24.46,479.33,478.21,594.94,817.66,1087.49,11761672,11895256
807,1732414594819,3,READ,501,1341.44,24.45,479.18,474.11,602.11,832.0,927.74,12038520,12172340
808,1732414595321,0,READ,501,534.53,19.49,44.32,22.5,25.36,340.48,490.75,4644752,5151635
809,1732414595321,1,READ,501,997.38,25.28,493.03,498.43,623.1,826.37,978.94,12591960,12725157
810,1732414595321,2,READ,502,975.36,27.04,485.64,483.07,601.09,799.74,885.25,11761672,11894973
811,1732414595321,3,READ,502,953.34,29.33,479.19,476.16,592.89,818.17,935.93,12038520,12171938
812,1732414595823,0,READ,501,615.42,19.33,42.8,22.35,25.38,301.31,487.42,4644752,5152615
813,1732414595823,1,READ,501,1037.31,24.05,476.47,476.93,602.62,826.37,921.6,12591944,12724622
814,1732414595823,2,READ,495,6500.35,24.88,495.3,481.54,593.92,819.2,6500.35,11761672,11894573
815,1732414595823,3,READ,501,1092.61,24.16,472.1,477.69,597.5,812.03,901.63,12038520,12171510
816,1732414596324,0,READ,502,901.12,19.55,43.89,22.53,25.23,397.82,565.76,4644752,5161762
817,1732414596324,1,READ,501,1293.31,24.19,481.0,476.67,613.89,863.74,1042.94,12591944,12721922
818,1732414596324,2,READ,502,859.13,24.61,467.4,471.3,578.05,760.83,849.92,11761656,11891610
819,1732414596324,3,READ,501,934.4,25.42,481.38,484.1,607.23,811.01,876.54,12038520,12168355
820,1732414596826,0,READ,502,500.99,19.3,41.42,22.5,25.55,335.62,353.54,4644752,5154238
821,1732414596826,1,READ,494,6504.45,24.86,489.77,477.18,598.53,803.84,6504.45,12591944,12723925
822,1732414596826,2,READ,501,1735.68,24.08,473.34,476.16,590.85,756.74,869.89,11761640,11894167
823,1732414596826,3,READ,501,1458.17,24.83,478.47,479.23,599.55,857.6,1105.92,12038520,12171099
824,1732414597328,0,READ,501,608.25,19.84,38.47,22.5,25.58,322.81,524.8,4644752,5154429
825,1732414597328,1,READ,501,2267.14,25.97,479.33,477.95,591.87,837.63,1282.05,12591944,12723973
826,1732414597328,2,READ,501,1129.47,24.51,467.79,472.32,591.36,815.62,933.38,11761640,11893809
827,1732414597328,3,READ,497,4833.28,24.34,482.59,475.13,589.31,769.02,4833.28,12038520,12170530
828,1732414597830,0,READ,501,664.58,19.09,38.21,22.61,25.14,322.3,447.49,4644752,5169651
829,1732414597830,1,READ,502,811.01,24.75,467.69,471.3,583.17,772.1,808.45,12591944,12719230
830,1732414597830,2,READ,502,929.28,24.19,468.55,477.95,588.29,784.38,866.82,11761640,11888697
831,1732414597830,3,READ,502,1077.25,24.93,471.49,472.32,585.73,760.32,824.83,12038520,12165951
832,1732414598332,0,READ,502,526.85,19.34,43.4,22.57,25.66,348.42,400.89,4644752,5155713
833,1732414598332,1,READ,501,976.38,25.17,464.39,469.25,589.82,821.25,882.17,12591944,12723724
834,1732414598332,2,READ,502,919.55,25.34,476.49,475.13,595.97,753.66,918.53,11761640,11893710
835,1732414598332,3,READ,502,1229.82,26.06,484.89,483.58,591.36,805.38,1019.39,12038520,12170657
836,1732414598833,0,READ,502,619.52,19.52,40.39,22.41,24.83,315.9,539.13,4644752,5159307
837,1732414598833,1,READ,501,969.73,26.82,479.83,476.16,600.58,747.52,935.42,12591944,12723015
838,1732414598833,2,READ,501,1005.57,24.77,472.15,468.74,591.36,779.26,963.58,11761640,11892471
839,1732414598833,3,READ,499,2637.82,24.8,484.49,479.74,603.65,830.46,2637.82,12038504,12169087
840,1732414599335,0,READ,501,524.03,19.89,39.76,22.77,25.54,317.95,416.0,4644752,5158304
841,1732414599335,1,READ,500,1827.84,26.43,478.23,482.05,600.58,836.61,1827.84,12591944,12722947
842,1732414599335,2,READ,501,928.25,24.93,474.5,475.13,604.67,765.95,892.41,11761640,11892449
843,1732414599335,3,READ,502,950.27,24.42,474.92,467.97,591.87,861.18,941.05,12038504,12169373
844,1732414599837,0,READ,501,480.0,19.55,43.88,23.05,26.41,321.79,410.88,4644752,5149167
845,1732414599837,1,READ,502,1241.09,25.12,474.16,476.93,599.55,807.93,895.49,12591960,12725977
846,1732414599837,2,READ,502,965.63,24.32,473.0,478.21,602.62,729.6,935.42,11761640,11895829
847,1732414599837,3,READ,501,972.29,24.35,470.13,469.76,589.82,833.02,924.16,12038504,12172481
848,1732414600339,0,READ,502,547.84,19.12,42.0,22.61,25.55,306.43,474.11,4644752,5153973
849,1732414600339,1,READ,502,1079.3,24.16,476.45,471.55,603.65,818.69,909.31,12591960,12724358
850,1732414600339,2,READ,501,1570.82,25.25,473.46,477.95,585.22,751.1,1029.63,11761640,11894142
851,1732414600339,3,READ,496,6647.81,24.48,498.77,483.07,589.31,869.38,6647.81,12038504,12170951
852,1732414600841,0,READ,499,4179.97,19.36,51.4,22.75,26.93,348.16,4179.97,4644752,5146396
853,1732414600841,1,READ,501,914.94,23.34,476.82,475.13,598.01,780.8,885.25,12591960,12726828
854,1732414600841,2,READ,498,4032.51,24.69,475.29,466.94,576.0,820.74,4032.51,11761640,11896490
855,1732414600841,3,READ,502,1015.29,25.33,477.23,481.54,594.43,827.9,973.31,12038488,12173588
856,1732414601342,0,READ,501,563.71,19.6,40.55,22.43,25.34,310.78,411.13,4644752,5160365
857,1732414601342,1,READ,502,920.06,23.79,471.54,481.02,594.43,764.93,889.34,12591960,12721817
858,1732414601342,2,READ,502,892.41,24.56,468.92,465.92,587.26,791.55,872.45,11761640,11892169
859,1732414601342,3,READ,502,1127.42,25.15,477.89,474.62,605.7,805.89,921.09,12038488,12169009
860,1732414601844,0,READ,502,308.48,19.14,41.57,22.56,26.11,295.68,303.87,4644752,5149763
861,1732414601844,1,READ,500,2271.23,24.22,477.81,482.56,599.04,776.19,1001.98,12591960,12725921
862,1732414601844,2,READ,501,945.15,26.51,474.47,474.11,595.46,767.49,934.91,11761608,11895265
863,1732414601844,3,READ,501,1195.01,24.78,473.34,470.53,582.65,814.08,1004.54,12038472,12172405
864,1732414602346,0,READ,502,379.9,19.09,39.41,22.62,25.65,299.77,367.36,4644752,5168757
865,1732414602346,1,READ,501,1158.14,24.42,474.79,475.13,587.77,918.53,1134.59,12591960,12719994
866,1732414602346,2,READ,500,2801.66,24.45,481.4,474.88,601.09,934.91,2801.66,11761608,11889572
867,1732414602346,3,READ,501,1559.55,22.88,467.62,473.09,589.82,759.29,1026.05,12038488,12165899
868,1732414602848,0,READ,501,558.08,19.58,45.33,22.48,25.84,386.81,558.08,4644736,5164342
869,1732414602848,1,READ,501,914.43,24.58,469.13,467.2,576.0,777.73,886.78,12591960,12721307
870,1732414602848,2,READ,502,986.11,24.5,473.64,465.41,582.14,864.25,896.51,11761592,11890898
871,1732414602848,3,READ,501,1022.46,25.02,475.52,470.01,596.48,816.64,982.53,12038488,12165300
872,1732414603349,0,READ,501,332.8,19.44,38.03,22.45,25.21,286.46,314.37,4644736,5161940
873,1732414603349,1,READ,496,6316.03,24.27,488.74,485.38,590.34,824.83,6316.03,12591960,12721801
874,1732414603349,2,READ,501,888.32,23.58,481.3,481.54,594.94,749.57,849.92,11761592,11891356
875,1732414603349,3,READ,499,3958.78,24.22,478.34,469.76,598.01,829.44,3958.78,12038488,12168134
876,1732414603851,0,READ,502,740.86,19.38,40.83,22.64,25.9,298.24,531.46,4644736,5161113
877,1732414603851,1,READ,501,1035.26,24.35,482.22,478.46,603.13,812.54,931.33,12591960,12721936
878,1732414603851,2,READ,502,963.58,26.37,477.32,481.02,586.24,823.29,944.13,11761576,11891705
879,1732414603851,3,READ,502,871.93,24.18,472.11,476.16,592.38,762.88,836.61,12038488,12168781
880,1732414604353,0,READ,502,531.46,19.52,39.83,22.59,25.77,332.03,490.24,4644736,5157729
881,1732414604353,1,READ,501,868.35,24.42,475.6,478.98,603.65,808.96,837.12,12591960,12722762
882,1732414604353,2,READ,502,934.4,22.34,483.55,486.14,598.01,782.85,922.11,11761576,11892838
883,1732414604353,3,READ,501,2068.48,23.06,480.01,478.46,598.53,781.82,914.43,12038488,12170000
884,1732414604855,0,READ,501,328.45,19.09,38.69,22.57,25.17,304.38,328.19,4644736,5163431
885,1732414604855,1,READ,493,6541.31,24.82,486.59,475.65,600.58,838.14,6541.31,12591960,12721476
886,1732414604855,2,READ,501,774.65,24.59,466.11,468.48,583.17,678.4,755.2,11761576,11890463
887,1732414604855,3,READ,501,1301.5,24.88,474.02,472.32,593.92,808.45,939.01,12038488,12168014
888,1732414605356,0,READ,501,500.48,19.7,46.18,22.59,25.76,385.79,495.1,4644736,5151857
889,1732414605356,1,READ,501,995.33,25.36,473.33,474.88,594.94,848.38,948.74,12591960,12724895
890,1732414605356,2,READ,502,800.77,24.99,468.78,472.06,585.73,755.71,799.23,11761576,11894646
891,1732414605356,3,READ,501,1244.16,27.7,472.7,466.18,607.74,809.98,1000.96,12038472,12171895
892,1732414605858,0,READ,501,497.66,19.65,42.92,22.83,26.46,314.11,471.55,4644736,5163154
893,1732414605858,1,READ,497,5328.9,25.02,502.32,491.26,620.54,774.65,5328.9,12591944,12721844
894,1732414605858,2,READ,502,910.85,24.77,468.53,469.5,582.65,753.66,864.25,11761560,11891220
895,1732414605858,3,READ,496,5300.22,24.59,483.02,475.65,585.73,892.41,5300.22,12038472,12167800
896,1732414606360,0,READ,501,484.35,19.12,41.27,22.41,25.07,332.29,430.59,4644736,5157589
897,1732414606360,1,READ,499,3366.91,24.91,487.61,478.46,606.21,783.87,3366.91,12591944,12723071
898,1732414606360,2,READ,499,3229.7,23.97,483.46,477.18,595.97,768.0,3229.7,11761560,11892879
899,1732414606360,3,READ,496,4698.11,24.29,495.71,478.21,605.7,847.36,4698.11,12038456,12169980
900,1732414606862,0,READ,501,387.58,19.86,38.69,22.38,25.02,291.33,318.72,4644736,5151266
901,1732414606862,1,READ,502,904.7,24.99,481.11,488.45,594.43,685.05,822.27,12591944,12725137
902,1732414606862,2,READ,502,1019.9,26.06,467.37,469.76,588.8,822.27,1009.15,11761560,11894993
903,1732414606862,3,READ,499,2355.2,24.42,486.07,482.81,601.6,856.58,2355.2,12038456,12172073
904,1732414607363,0,READ,502,726.53,19.6,43.97,22.72,25.36,480.0,679.93,4644736,5160437
905,1732414607363,1,READ,501,905.22,25.6,475.52,480.25,602.11,796.67,868.86,12591944,12722193
906,1732414607363,2,READ,497,5570.56,25.14,481.43,467.71,583.17,897.02,5570.56,11761560,11891945
907,1732414607363,3,READ,502,993.28,24.32,470.83,474.11,584.19,853.5,891.39,12038472,12168949
908,1732414607865,0,READ,502,544.25,19.15,42.52,22.8,26.03,334.59,536.06,4644736,5161573
909,1732414607865,1,READ,502,915.46,27.3,480.89,486.91,595.46,838.65,897.53,12591944,12721576
910,1732414607865,2,READ,501,1303.55,24.37,478.56,476.16,612.86,828.41,1053.69,11761544,11891536
911,1732414607865,3,READ,501,939.01,24.91,473.08,474.62,591.36,730.11,856.06,12038456,12168694
912,1732414608367,0,READ,501,580.61,19.38,51.96,23.1,29.17,362.75,552.96,4644736,5170323
913,1732414608367,1,READ,501,1345.54,27.28,491.64,492.29,598.01,831.49,954.88,12591928,12718655
914,1732414608367,2,READ,497,4866.05,24.53,492.64,478.21,598.53,889.34,4866.05,11761544,11888994
915,1732414608367,3,READ,501,1113.09,24.59,476.65,476.93,593.41,804.86,922.62,12038440,12165542
916,1732414608869,0,READ,501,534.01,18.99,42.45,24.06,27.82,297.98,530.43,4644736,5151965
917,1732414608869,1,READ,501,1724.41,25.1,477.59,471.55,598.01,785.41,1356.8,12591944,12725037
918,1732414608869,2,READ,499,3762.18,25.36,488.65,489.47,606.21,713.22,3762.18,11761544,11894628
919,1732414608869,3,READ,502,975.36,23.87,480.52,479.74,607.74,778.75,954.37,12038440,12171604
920,1732414609371,0,READ,502,873.47,19.36,40.75,23.55,26.96,324.1,359.42,4644736,5154580
921,1732414609371,1,READ,502,1093.63,24.93,472.24,474.11,588.29,755.71,941.57,12591944,12724272
922,1732414609371,2,READ,501,1449.98,25.3,483.65,488.19,606.72,825.34,1042.43,11761544,11891715
923,1732414609371,3,READ,500,2707.45,25.6,481.18,470.01,590.34,902.14,2707.45,12038424,12168838
924,1732414609872,0,READ,502,378.88,18.93,38.38,22.56,25.55,309.76,334.33,4644736,5149895
925,1732414609872,1,READ,501,993.79,23.55,477.21,476.67,604.67,798.21,936.96,12591928,12725904
926,1732414609872,2,READ,501,1173.5,24.1,482.12,476.93,599.04,883.71,975.87,11761544,11895212
927,1732414609872,3,READ,498,3065.86,23.87,488.9,481.79,594.43,799.23,3065.86,12038408,12172415
928,1732414610374,0,READ,501,535.04,19.17,44.5,22.7,26.5,369.41,483.58,4644736,5160110
929,1732414610374,1,READ,501,987.13,24.7,481.44,482.56,596.99,772.61,963.07,12591928,12722285
930,1732414610374,2,READ,502,1087.49,25.82,473.65,477.69,598.53,746.5,962.56,11761544,11891929
931,1732414610374,3,READ,494,5763.07,24.64,490.56,473.86,603.65,927.74,5763.07,12038408,12169205
932,1732414610876,0,READ,501,464.38,19.5,42.29,22.38,25.45,301.82,387.33,4644736,5148434
933,1732414610876,1,READ,501,905.22,24.3,471.79,481.02,597.5,808.96,884.74,12591912,12726566
934,1732414610876,2,READ,502,1051.65,22.85,473.0,480.25,599.55,716.29,926.21,11761544,11896039
935,1732414610876,3,READ,500,1705.98,23.6,477.89,471.3,592.38,883.71,1705.98,12038408,12172448
936,1732414611378,0,READ,502,665.09,19.39,39.54,22.43,25.15,305.41,551.93,4644736,5149829
937,1732414611378,1,READ,502,1000.96,24.86,478.23,479.23,590.34,802.3,888.83,12591912,12726038
938,1732414611378,2,READ,500,1841.15,24.93,483.75,484.86,593.92,813.05,916.99,11761544,11895196
939,1732414611378,3,READ,501,1176.58,24.83,485.7,478.46,596.99,804.35,1138.69,12038408,12172384
940,1732414611879,0,READ,501,600.58,19.12,40.61,22.62,25.58,342.27,464.89,4644736,5165931
941,1732414611879,1,READ,502,1047.55,24.32,472.57,470.78,591.36,734.72,880.13,12591912,12719981
942,1732414611879,2,READ,501,839.17,24.21,470.66,479.49,585.73,726.01,826.37,11761544,11890041
943,1732414611879,3,READ,501,1883.13,24.18,478.8,476.42,601.09,837.12,932.35,12038408,12167094
944,1732414612381,0,READ,501,507.65,19.3,44.4,22.88,25.93,306.43,432.89,4644736,5157411
945,1732414612381,1,READ,501,953.34,24.21,470.25,473.86,592.89,704.0,881.66,12591912,12723289
946,1732414612381,2,READ,502,1189.89,23.47,461.81,468.48,578.05,738.82,857.09,11761544,11893020
947,1732414612381,3,READ,501,1589.25,24.18,474.04,468.74,595.46,811.52,985.09,12038408,12169628
948,1732414612883,0,READ,502,538.11,19.44,46.71,22.57,26.24,319.74,487.42,4644736,5160626
949,1732414612883,1,READ,501,941.57,23.38,481.0,483.07,603.13,829.44,935.93,12591912,12722367
950,1732414612883,2,READ,501,896.51,24.7,474.37,479.74,610.3,743.93,871.93,11761544,11892158
951,1732414612883,3,READ,500,1824.77,24.4,468.41,471.81,589.31,876.03,1399.81,12038408,12168924
952,1732414613385,0,READ,502,605.18,19.68,46.17,23.07,31.92,319.23,438.01,4644736,5164410
953,1732414613385,1,READ,501,1095.68,25.7,484.55,482.81,607.74,771.58,1045.5,12591912,12720968
954,1732414613385,2,READ,501,995.84,24.54,483.09,472.32,608.25,793.6,906.75,11761544,11890583
955,1732414613385,3,READ,501,832.51,23.94,469.87,474.37,592.38,722.94,812.03,12038408,12166918
956,1732414613886,0,READ,489,402.69,19.02,39.72,22.67,25.81,311.3,402.69,4644736,5145727
957,1732414613886,1,READ,502,940.03,26.62,478.63,476.93,596.99,801.28,863.74,12591912,12727070
958,1732414613886,2,READ,502,960.51,24.85,463.46,469.5,580.61,804.86,848.38,11761544,11896731
959,1732414613886,3,READ,499,4202.49,27.6,479.58,467.45,598.53,845.31,4202.49,12038408,12173650
960,1732414614388,0,READ,501,549.38,19.58,43.11,23.05,30.29,315.65,447.49,4644736,5170083
961,1732414614388,1,READ,500,1829.89,24.18,480.47,479.49,598.53,736.77,1007.1,12591912,12718835
962,1732414614388,2,READ,502,945.66,24.78,474.22,476.16,598.53,771.07,903.68,11761544,11888787
963,1732414614388,3,READ,501,1004.54,23.66,476.27,478.21,587.26,750.59,839.17,12038408,12165588
964,1732414614890,0,READ,502,753.66,19.7,53.52,22.77,248.57,401.92,590.85,4644736,5153150
965,1732414614890,1,READ,501,1188.86,24.91,473.87,479.74,590.34,754.17,954.88,12591912,12724386
966,1732414614890,2,READ,500,1301.5,24.78,478.23,479.74,584.19,824.32,1301.5,11761544,11894223
967,1732414614890,3,READ,500,2621.44,25.17,485.17,476.67,605.7,872.45,2621.44,12038408,12171150
968,1732414615391,0,READ,501,461.06,19.49,40.28,22.43,25.54,293.38,423.94,4644736,5148771
969,1732414615391,1,READ,502,926.21,24.4,468.41,472.32,598.53,756.74,888.32,12591912,12725950
970,1732414615391,2,READ,493,9158.66,23.97,488.87,472.32,610.82,791.04,9158.66,11761544,11895918
971,1732414615391,3,READ,502,923.65,25.14,465.54,470.53,590.85,696.32,837.12,12038424,12172669
972,1732414615893,0,READ,501,368.38,19.28,40.34,22.66,25.6,301.57,346.62,4644736,5158295
973,1732414615893,1,READ,501,1132.54,28.38,472.11,477.95,592.38,776.7,931.84,12591912,12722589
974,1732414615893,2,READ,502,934.91,24.18,467.98,472.32,597.5,768.51,845.31,11761544,11892959
975,1732414615893,3,READ,501,923.65,23.5,471.81,466.69,594.43,744.96,824.83,12038440,12169842
976,1732414616395,0,READ,502,569.86,19.62,42.58,22.32,25.31,312.06,546.82,4644736,5159314
977,1732414616395,1,READ,502,942.59,23.63,473.09,473.86,597.5,741.38,780.8,12591912,12722258
978,1732414616395,2,READ,501,950.78,24.27,468.85,473.6,582.65,827.9,847.87,11761544,11891836
979,1732414616395,3,READ,501,1016.32,24.16,467.96,469.76,580.1,684.54,962.05,12038440,12169308
980,1732414616897,0,READ,501,502.53,19.04,46.66,22.61,26.86,437.25,482.05,4644736,5165907
981,1732414616897,1,READ,501,1241.09,23.15,468.66,472.83,600.58,811.01,923.65,12591896,12720566
982,1732414616897,2,READ,500,3026.94,24.91,470.66,467.45,578.56,788.99,3026.94,11761544,11890121
983,1732414616897,3,READ,502,995.84,24.24,477.58,472.57,593.92,745.47,949.25,12038440,12167281
984,1732414617398,0,READ,501,587.26,19.06,38.63,22.21,25.07,305.92,337.41,4644736,5147193
985,1732414617398,1,READ,501,985.09,25.39,481.89,477.95,602.11,737.28,819.71,12591896,12726469
986,1732414617398,2,READ,501,1218.56,23.62,477.52,476.42,590.34,760.83,942.59,11761544,11896236
987,1732414617398,3,READ,497,4935.68,24.85,480.28,476.67,583.68,774.14,4935.68,12038440,12172992
988,1732414617900,0,READ,502,382.72,19.54,43.45,22.62,25.95,324.35,381.69,4644736,5175462
989,1732414617900,1,READ,500,2691.07,24.02,477.04,475.9,588.29,878.08,2691.07,12591896,12717732
990,1732414617900,2,READ,502,1103.87,24.7,483.47,486.14,595.46,873.98,1033.73,11761544,11887065
991,1732414617900,3,READ,501,1915.9,24.9,480.28,481.79,598.01,747.52,894.98,12038456,12164193
992,1732414618402,0,READ,501,466.43,19.31,38.08,22.59,25.18,303.1,351.74,4644736,5161326
993,1732414618402,1,READ,501,823.81,24.38,473.4,479.23,589.31,748.03,805.89,12591896,12722255
994,1732414618402,2,READ,501,1210.37,23.44,473.63,469.25,591.87,800.77,1156.1,11761560,11891491
995,1732414618402,3,READ,501,1142.78,24.24,486.24,484.86,605.7,848.89,1058.82,12038456,12168359
996,1732414618788,0,READ,164,305.92,20.69,36.88,22.83,25.2,290.81,305.92,4575536,5025712
997,1732414618788,1,READ,357,1264.64,24.34,481.5,477.69,590.85,700.93,1264.64,12730264,12848516
998,1732414618788,2,READ,381,905.73,24.4,474.78,476.67,578.56,784.89,905.73,11761560,11895604
999,1732414618788,3,READ,383,814.08,24.7,477.15,479.23,598.01,759.29,814.08,12038456,12173208
